P0027 0.290261 1470.0 512.0 1533.0 672.0
P0047 0.996782 564.0 1610.0 761.0 1808.0
P0047 0.996669 548.0 1236.0 755.0 1414.0
P0047 0.967564 114.0 1096.0 449.0 1423.0
P0047 0.800302 279.0 1236.0 442.0 1411.0
P0047 0.77639 552.0 1071.0 916.0 1437.0
P0047 0.134028 561.0 1444.0 808.0 1530.0
P0047 0.066653 185.0 76.0 521.0 789.0
P0110 0.138301 1540.0 1048.0 1658.0 1318.0
P0117 0.966514 524.0 588.0 674.0 769.0
P0117 0.694253 348.0 356.0 717.0 769.0
P0117 0.385402 568.0 292.0 976.0 582.0
P0130 0.283641 418.0 367.0 494.0 522.0
P0131 0.997435 680.0 865.0 840.0 995.0
P0131 0.968084 686.0 411.0 869.0 582.0
P0131 0.073495 312.0 324.0 648.0 1054.0
P0146 0.997352 915.0 238.0 1105.0 455.0
P0146 0.972002 1223.0 869.0 1363.0 1013.0
P0146 0.969156 1823.0 139.0 1983.0 299.0
P0146 0.900608 741.0 808.0 871.0 960.0
P0146 0.291216 1024.0 515.0 1408.0 825.0
P0146 0.250699 798.0 512.0 1499.0 1169.0
P0146 0.197702 1563.0 860.0 2401.0 1375.0
P0146 0.117146 1025.0 253.0 1067.0 452.0
P0146 0.063642 1813.0 466.0 2396.0 975.0
P0146 0.05822 1564.0 296.0 2027.0 866.0
P0146 0.057689 902.0 358.0 1016.0 458.0
P0146 0.056989 1506.0 876.0 1869.0 1214.0
P0150 0.846906 306.0 259.0 434.0 371.0
P0175 0.069654 296.0 804.0 563.0 1043.0
P0179 0.145463 4533.0 4402.0 4694.0 4517.0
P0199 0.367954 1072.0 1474.0 1170.0 1534.0
P0199 0.094754 1055.0 815.0 1169.0 1015.0
P0206 0.149964 729.0 277.0 1009.0 445.0
P0206 0.050011 152.0 87.0 283.0 303.0
P0228 0.163176 3.0 297.0 214.0 846.0
P0228 0.051727 7.0 19.0 193.0 367.0
P0242 0.078722 0.0 90.0 376.0 315.0
P0261 0.138317 628.0 14.0 1357.0 515.0
P0352 0.991794 970.0 244.0 1211.0 403.0
P0352 0.984413 806.0 651.0 1022.0 921.0
P0352 0.073777 993.0 633.0 1246.0 854.0
P0352 0.050898 955.0 243.0 1022.0 359.0
P0374 0.988509 238.0 697.0 480.0 962.0
P0374 0.363707 770.0 505.0 1022.0 923.0
P0374 0.055616 318.0 548.0 642.0 1022.0
P0375 0.957979 583.0 757.0 815.0 887.0
P0382 0.998506 796.0 495.0 1019.0 732.0
P0382 0.984963 288.0 200.0 571.0 449.0
P0382 0.116755 1002.0 871.0 1067.0 1168.0
P0385 0.616336 608.0 628.0 874.0 826.0
P0385 0.282942 0.0 718.0 306.0 883.0
P0402 0.281719 0.0 621.0 622.0 851.0
P0402 0.064498 179.0 676.0 366.0 841.0
P0457 0.98857 202.0 261.0 447.0 475.0
P0457 0.97958 382.0 284.0 456.0 465.0
P0491 0.999142 2322.0 848.0 2610.0 1086.0
P0491 0.998892 70.0 825.0 369.0 1085.0
P0491 0.998071 1504.0 1214.0 1996.0 1581.0
P0491 0.997564 1030.0 916.0 1357.0 1021.0
P0491 0.997442 1024.0 167.0 1228.0 431.0
P0491 0.997224 711.0 1286.0 1022.0 1534.0
P0491 0.989316 1492.0 365.0 1811.0 646.0
P0491 0.635396 1477.0 403.0 1529.0 607.0
P0491 0.53664 859.0 653.0 1531.0 1275.0
P0491 0.320754 835.0 97.0 1022.0 561.0
P0491 0.239223 407.0 1048.0 1022.0 1654.0
P0491 0.098235 1024.0 512.0 1206.0 549.0
P0491 0.075755 1352.0 163.0 1931.0 753.0
P0491 0.052168 956.0 165.0 1022.0 423.0
P0491 0.052043 512.0 1008.0 679.0 1760.0
P0665 0.997631 66.0 745.0 444.0 1053.0
P0673 0.94342 393.0 0.0 654.0 76.0
P0764 0.100042 634.0 791.0 793.0 1022.0
P0770 0.997064 569.0 340.0 779.0 550.0
P0770 0.996122 605.0 793.0 740.0 933.0
P0770 0.990285 388.0 700.0 575.0 891.0
P0770 0.405148 515.0 682.0 567.0 899.0
P0770 0.218039 370.0 382.0 986.0 956.0
P0770 0.074277 588.0 559.0 823.0 949.0
P0791 0.997684 35.0 555.0 522.0 923.0
P0815 0.96941 300.0 0.0 596.0 237.0
P0815 0.072922 1.0 3.0 81.0 301.0
P0833 0.072298 752.0 887.0 1022.0 1147.0
P0844 0.055519 725.0 760.0 794.0 822.0
P0929 0.142857 313.0 4940.0 409.0 5061.0
P1065 0.081504 517.0 2232.0 584.0 2299.0
P1090 0.331016 1986.0 13.0 2042.0 164.0
P1179 0.360335 4241.0 1733.0 4405.0 1891.0
P1184 0.086828 1971.0 3690.0 2039.0 3965.0
P1184 0.063985 1979.0 3668.0 2178.0 3934.0
P1219 0.087262 2184.0 2576.0 2342.0 2713.0
P1240 0.630365 502.0 2869.0 641.0 2999.0
P1273 0.093027 4685.0 2810.0 5152.0 3342.0
P1273 0.084487 3607.0 1536.0 3864.0 1842.0
P1273 0.062281 3618.0 2710.0 4382.0 3205.0
P1273 0.059134 3122.0 2219.0 3808.0 2751.0
P1273 0.057334 2678.0 65.0 3576.0 536.0
P1314 0.16112 2315.0 2048.0 2519.0 2208.0
P1314 0.10618 512.0 1538.0 626.0 1684.0
P1314 0.061024 634.0 1057.0 777.0 1258.0
P1314 0.060563 516.0 904.0 609.0 1183.0
P1314 0.053134 3407.0 1024.0 3570.0 1186.0
P1315 0.149023 1024.0 1024.0 1122.0 1096.0
P1315 0.139341 1024.0 2976.0 1141.0 3025.0
P1323 0.251538 338.0 1039.0 651.0 1218.0
P1323 0.134937 793.0 1538.0 951.0 1625.0
P1323 0.06885 2560.0 59.0 2609.0 183.0
P1332 0.154319 2487.0 693.0 2558.0 823.0
P1370 0.313861 1407.0 2905.0 1534.0 3070.0
P1371 0.13369 2590.0 1414.0 2824.0 1627.0
P1376 0.446921 3304.0 682.0 3582.0 1022.0
P1376 0.256726 1331.0 843.0 1534.0 1021.0
P1376 0.160621 3072.0 146.0 3312.0 517.0
P1376 0.09496 2780.0 127.0 3070.0 257.0
P1376 0.083058 77.0 1545.0 976.0 1956.0
P1377 0.71605 1880.0 2713.0 2046.0 3070.0
P1377 0.524014 1536.0 1536.0 1855.0 1864.0
P1377 0.416677 1024.0 57.0 1238.0 606.0
P1377 0.383313 512.0 73.0 1393.0 528.0
P1377 0.358756 2051.0 2048.0 2324.0 2339.0
P1377 0.35493 1339.0 1024.0 1844.0 1967.0
P1377 0.307099 1536.0 1496.0 1776.0 1534.0
P1377 0.274636 1949.0 1516.0 2046.0 1963.0
P1377 0.227502 2007.0 1279.0 2045.0 1545.0
P1377 0.189299 1821.0 1536.0 2522.0 1973.0
P1377 0.168615 2296.0 734.0 2543.0 920.0
P1377 0.151303 2054.0 2560.0 2327.0 2869.0
P1377 0.149669 1537.0 2684.0 1621.0 3070.0
P1377 0.137748 2048.0 1275.0 2333.0 1533.0
P1377 0.118615 1553.0 1024.0 1774.0 1497.0
P1377 0.117887 2374.0 2048.0 2703.0 2439.0
P1377 0.094098 1445.0 2560.0 1527.0 2910.0
P1377 0.092762 679.0 3407.0 817.0 3559.0
P1377 0.079428 1404.0 1197.0 1531.0 1534.0
P1377 0.079247 512.0 58.0 570.0 288.0
P1377 0.066051 1308.0 1971.0 1849.0 2463.0
P1377 0.057365 1294.0 1046.0 1534.0 1693.0
P1380 0.977793 3876.0 789.0 4048.0 976.0
P1380 0.214754 2563.0 2447.0 2947.0 2552.0
P1380 0.05924 3179.0 727.0 3314.0 861.0
P1384 0.928337 4538.0 720.0 4748.0 1010.0
P1384 0.353438 4943.0 486.0 5286.0 745.0
P1384 0.250094 4608.0 4611.0 4775.0 4675.0
P1384 0.168022 4948.0 3072.0 5118.0 3317.0
P1384 0.16773 2337.0 1381.0 2494.0 1510.0
P1384 0.148563 2533.0 1907.0 2655.0 2057.0
P1384 0.140232 2052.0 600.0 2189.0 792.0
P1384 0.120125 2006.0 703.0 2172.0 1006.0
P1386 0.987131 292.0 2082.0 450.0 2250.0
P1386 0.969646 3072.0 2412.0 3225.0 2523.0
P1386 0.963862 3804.0 2966.0 3969.0 3100.0
P1386 0.962924 159.0 2578.0 295.0 2764.0
P1386 0.940339 1847.0 3085.0 1997.0 3222.0
P1386 0.919043 3072.0 2625.0 3234.0 2750.0
P1386 0.913527 4135.0 3119.0 4288.0 3280.0
P1386 0.897314 395.0 1882.0 534.0 2028.0
P1386 0.821534 2006.0 3133.0 2160.0 3263.0
P1386 0.660459 3448.0 3237.0 3578.0 3383.0
P1386 0.566447 3584.0 3064.0 3679.0 3247.0
P1386 0.369208 1085.0 2316.0 1312.0 2416.0
P1386 0.323576 656.0 3406.0 799.0 3524.0
P1386 0.087789 3723.0 2806.0 3896.0 2947.0
P1386 0.087754 2865.0 2556.0 3070.0 2732.0
P1386 0.05408 3030.0 2548.0 3069.0 2754.0
P1410 0.993453 2073.0 3403.0 2263.0 3569.0
P1410 0.992316 2686.0 3369.0 2888.0 3558.0
P1410 0.990212 1130.0 3589.0 1287.0 3745.0
P1410 0.989671 1202.0 3978.0 1381.0 4180.0
P1410 0.986537 937.0 3826.0 1128.0 3983.0
P1410 0.986531 1593.0 4414.0 1777.0 4594.0
P1410 0.985417 1358.0 3736.0 1561.0 3905.0
P1410 0.983009 2099.0 4608.0 2505.0 4970.0
P1410 0.982282 1616.0 3105.0 2035.0 3474.0
P1410 0.979138 1546.0 4211.0 1998.0 4596.0
P1410 0.977838 1609.0 3302.0 1788.0 3476.0
P1410 0.971608 2075.0 4304.0 2271.0 4486.0
P1410 0.963633 2085.0 4774.0 2271.0 4957.0
P1410 0.961419 1024.0 3312.0 1418.0 3572.0
P1410 0.958337 2674.0 3148.0 3120.0 3582.0
P1410 0.920233 1536.0 3545.0 1785.0 3989.0
P1410 0.916946 3816.0 1065.0 3945.0 1188.0
P1410 0.878928 3954.0 967.0 4081.0 1145.0
P1410 0.834112 3699.0 959.0 3949.0 1201.0
P1410 0.829039 658.0 3670.0 1010.0 4089.0
P1410 0.786707 3073.0 2048.0 3236.0 2356.0
P1410 0.557455 3939.0 913.0 4177.0 1020.0
P1410 0.357344 2994.0 2002.0 3220.0 2185.0
P1410 0.30933 3072.0 1999.0 3154.0 2046.0
P1410 0.308877 2982.0 4437.0 3138.0 4597.0
P1410 0.259741 906.0 260.0 1534.0 781.0
P1410 0.247102 3182.0 1673.0 3502.0 1909.0
P1410 0.181423 2881.0 2135.0 3105.0 2401.0
P1410 0.150918 4210.0 1402.0 4775.0 1845.0
P1410 0.145062 4525.0 1155.0 4719.0 1331.0
P1410 0.13028 3252.0 4508.0 3652.0 5035.0
P1410 0.107235 4561.0 2420.0 5142.0 2891.0
P1410 0.102893 4536.0 1943.0 4602.0 2278.0
P1410 0.089052 1056.0 4137.0 1599.0 4418.0
P1410 0.082759 4166.0 1872.0 4596.0 2397.0
P1410 0.074264 4121.0 2413.0 4568.0 2913.0
P1410 0.073315 4707.0 1727.0 5022.0 2457.0
P1410 0.062532 3525.0 2048.0 3578.0 2397.0
P1410 0.059402 4318.0 1083.0 4537.0 1374.0
P1410 0.058157 3125.0 5256.0 3516.0 5611.0
P1410 0.056683 4323.0 1444.0 4550.0 1718.0
P1429 0.058358 2067.0 12.0 2495.0 829.0
P1432 0.134687 1582.0 889.0 1735.0 1176.0
P1440 0.173383 1247.0 621.0 1534.0 866.0
P1456 0.764715 512.0 702.0 986.0 1491.0
P1456 0.633123 2557.0 1024.0 3070.0 1786.0
P1456 0.552139 857.0 1673.0 1007.0 1842.0
P1456 0.515864 512.0 1692.0 664.0 1827.0
P1456 0.468547 2538.0 740.0 3196.0 986.0
P1456 0.41572 258.0 1670.0 422.0 1855.0
P1456 0.409338 337.0 1311.0 481.0 1486.0
P1456 0.293724 2354.0 1816.0 2557.0 1999.0
P1456 0.170342 526.0 1654.0 1005.0 1843.0
P1456 0.143318 2951.0 777.0 3173.0 1018.0
P1456 0.10367 334.0 1067.0 490.0 1255.0
P1456 0.073149 2471.0 1488.0 2551.0 2018.0
P1456 0.059526 785.0 1218.0 953.0 1534.0
P1456 0.050649 2491.0 1024.0 2612.0 1808.0
P1463 0.918248 2701.0 1547.0 2968.0 1842.0
P1463 0.701361 2261.0 1564.0 2903.0 2046.0
P1463 0.69157 2560.0 1463.0 2820.0 1534.0
P1463 0.687413 2560.0 1718.0 2818.0 2046.0
P1463 0.631121 1024.0 1216.0 1785.0 2046.0
P1463 0.536684 2100.0 1889.0 2558.0 2513.0
P1463 0.462826 1536.0 892.0 1847.0 1022.0
P1463 0.438914 2358.0 1664.0 2558.0 2046.0
P1463 0.425 1117.0 1039.0 1939.0 1534.0
P1463 0.298203 2292.0 1420.0 2906.0 1534.0
P1463 0.22512 882.0 1178.0 1020.0 1359.0
P1463 0.1504 1536.0 1029.0 1926.0 1258.0
P1463 0.147371 2076.0 2267.0 2439.0 2490.0
P1463 0.055473 2560.0 2022.0 2749.0 2505.0
P1463 0.052739 2566.0 1481.0 2943.0 1670.0
P1471 0.932149 2239.0 781.0 2467.0 1015.0
P1471 0.906046 2212.0 696.0 2492.0 1427.0
P1471 0.207544 2429.0 1071.0 2558.0 1328.0
P1471 0.143822 572.0 2065.0 810.0 2280.0
P1471 0.101345 551.0 2560.0 821.0 2683.0
P1471 0.09767 2243.0 1032.0 2458.0 1259.0
P1471 0.057141 517.0 2233.0 608.0 2496.0
P1471 0.054143 625.0 2048.0 828.0 2717.0
P1474 0.121441 11.0 5920.0 196.0 6139.0
P1506 0.61033 363.0 1253.0 569.0 1517.0
P1506 0.522874 892.0 1536.0 1022.0 1668.0
P1506 0.171617 412.0 1645.0 1022.0 2108.0
P1506 0.154758 857.0 1355.0 1188.0 1706.0
P1506 0.101592 512.0 1857.0 713.0 2046.0
P1518 0.919111 1977.0 3377.0 2046.0 3529.0
P1518 0.068129 823.0 3471.0 997.0 3632.0
P1541 0.63706 95.0 1024.0 297.0 1183.0
P1560 0.562125 1546.0 1088.0 1745.0 1244.0
P1560 0.136212 3533.0 1710.0 3580.0 1884.0
P1560 0.094843 3495.0 1724.0 3682.0 1867.0
P1561 0.728524 3420.0 0.0 3582.0 65.0
P1561 0.524581 1550.0 1852.0 1745.0 2008.0
P1561 0.281505 3682.0 2462.0 3952.0 2558.0
P1561 0.140214 225.0 1761.0 379.0 1995.0
P1561 0.101713 2914.0 2358.0 3057.0 2498.0
P1561 0.078937 1395.0 1657.0 1527.0 1803.0
P1566 0.360793 2775.0 2998.0 3006.0 3213.0
P1566 0.12711 1594.0 1038.0 1854.0 1239.0
P1566 0.073335 2560.0 3111.0 2743.0 3271.0
P1569 0.622342 3048.0 4.0 3216.0 132.0
P1570 0.657081 3760.0 2560.0 3880.0 2669.0
P1570 0.609404 3638.0 2967.0 3778.0 3070.0
P1570 0.110723 3454.0 3947.0 3605.0 4126.0
P1573 0.774651 3240.0 512.0 3462.0 696.0
P1573 0.379208 2759.0 232.0 3047.0 493.0
P1573 0.306507 2422.0 4504.0 2616.0 4606.0
P1573 0.186829 2411.0 2048.0 2549.0 2175.0
P1573 0.05983 3289.0 1706.0 3429.0 1917.0
P1577 0.342028 1324.0 1117.0 1499.0 1305.0
P1577 0.236574 1853.0 1536.0 2558.0 2096.0
P1577 0.211466 3223.0 2573.0 3993.0 3229.0
P1577 0.19867 2748.0 2560.0 3278.0 3400.0
P1577 0.159859 308.0 2895.0 840.0 3582.0
P1577 0.105677 2565.0 1542.0 3040.0 2462.0
P1577 0.077872 2693.0 2068.0 3132.0 2892.0
P1577 0.058694 2048.0 1359.0 3017.0 1795.0
P1577 0.054406 3694.0 1194.0 4137.0 2033.0
P1579 0.135891 2573.0 1545.0 2932.0 2403.0
P1579 0.057882 3.0 2560.0 494.0 3253.0
P1579 0.053419 19.0 2976.0 308.0 3095.0
P1581 0.442191 1086.0 2574.0 2046.0 3005.0
P1581 0.188254 3072.0 0.0 3883.0 379.0
P1581 0.168123 2048.0 2296.0 2660.0 2904.0
P1581 0.1675 1946.0 1803.0 2432.0 2558.0
P1581 0.162644 1536.0 2988.0 2143.0 3616.0
P1581 0.160452 1545.0 0.0 1966.0 824.0
P1581 0.150742 1095.0 1024.0 1752.0 1489.0
P1581 0.079233 2926.0 1557.0 3580.0 2177.0
P1581 0.075083 1913.0 0.0 2526.0 493.0
P1581 0.074496 1267.0 3306.0 2046.0 3746.0
P1581 0.0548 1161.0 2220.0 1534.0 3070.0
P1583 0.423799 3847.0 512.0 3998.0 585.0
P1583 0.183777 2642.0 2048.0 2911.0 2185.0
P1583 0.155812 3612.0 3584.0 3976.0 4606.0
P1583 0.053092 1882.0 3072.0 2046.0 3163.0
P1584 0.093435 11.0 582.0 168.0 754.0
P1584 0.064349 4129.0 512.0 4290.0 653.0
P1604 0.751204 2011.0 1557.0 2209.0 1742.0
P1610 0.649618 2946.0 3436.0 3261.0 3582.0
P1610 0.615103 2900.0 3040.0 3416.0 3757.0
P1610 0.128023 2871.0 3905.0 3094.0 3998.0
P1610 0.060602 2821.0 3102.0 3055.0 3582.0
P1619 0.280461 0.0 2560.0 490.0 3270.0
P1619 0.270493 550.0 1541.0 1364.0 2050.0
P1619 0.232793 1603.0 512.0 2391.0 1118.0
P1619 0.195825 542.0 1557.0 919.0 2558.0
P1619 0.173966 1556.0 1.0 2282.0 682.0
P1619 0.162611 1355.0 1273.0 1862.0 2046.0
P1619 0.105214 1321.0 360.0 2046.0 968.0
P1619 0.08783 1245.0 512.0 1523.0 604.0
P1619 0.066619 1599.0 1028.0 1778.0 1216.0
P1619 0.064307 2579.0 2672.0 2984.0 3560.0
P1619 0.061209 515.0 2449.0 1074.0 3070.0
P1619 0.060947 2560.0 2976.0 3460.0 3354.0
P1619 0.059985 794.0 1538.0 1019.0 1752.0
P1619 0.059565 15.0 1728.0 534.0 2475.0
P1619 0.055619 1033.0 1059.0 1390.0 2046.0
P1623 0.278271 616.0 3584.0 1487.0 3949.0
P1623 0.12011 2744.0 3072.0 3127.0 4094.0
P1623 0.057939 2602.0 3584.0 3040.0 4354.0
P1643 0.210816 2738.0 3380.0 2897.0 3537.0
P1643 0.132214 3720.0 3415.0 3871.0 3562.0
P1643 0.06399 2691.0 2869.0 2829.0 3034.0
P1647 0.053762 512.0 9.0 588.0 111.0
P1672 0.104747 1255.0 1835.0 1457.0 1975.0
P1679 0.104041 1386.0 4202.0 2035.0 4919.0
P1679 0.071937 516.0 1536.0 587.0 1692.0
P1693 0.549759 1103.0 2588.0 1271.0 2741.0
P1713 0.680718 1836.0 2941.0 1961.0 3032.0
P1720 0.640349 3206.0 1539.0 3491.0 1668.0
P1720 0.152659 3753.0 512.0 3989.0 982.0
P1720 0.090794 3001.0 0.0 3169.0 114.0
P1720 0.067467 2575.0 2332.0 3118.0 3047.0
P1720 0.06112 22.0 31.0 376.0 1022.0
P1720 0.053285 406.0 539.0 597.0 727.0
P1732 0.328644 1098.0 1993.0 1256.0 2136.0
P1742 0.151855 2565.0 2561.0 2686.0 2740.0
P1749 0.356896 360.0 2084.0 920.0 2612.0
P1750 0.165163 8.0 2581.0 217.0 2738.0
P1750 0.05193 762.0 3351.0 1073.0 3577.0
P1751 0.076927 2866.0 3845.0 2948.0 3936.0
P1770 0.053639 2215.0 4686.0 2454.0 4845.0
P1786 0.418203 249.0 640.0 405.0 819.0
P1786 0.199667 1035.0 817.0 1474.0 1022.0
P1786 0.196123 1247.0 1024.0 1587.0 1302.0
P1786 0.169995 1024.0 761.0 1534.0 1373.0
P1786 0.157635 386.0 2684.0 885.0 3345.0
P1786 0.147624 512.0 545.0 681.0 1022.0
P1786 0.067853 170.0 1543.0 339.0 1748.0
P1809 0.890106 1803.0 2395.0 1928.0 2524.0
P1809 0.17438 1024.0 6139.0 1135.0 6390.0
P1854 0.44192 4608.0 4064.0 5135.0 4278.0
P1854 0.110679 5181.0 4053.0 5622.0 4285.0
P1854 0.09509 2622.0 4079.0 3070.0 4274.0
P1854 0.086489 3054.0 4080.0 3559.0 4269.0
P1854 0.05528 1192.0 110.0 1510.0 337.0
P1903 0.996649 1016.0 481.0 1234.0 684.0
P1903 0.995669 172.0 815.0 350.0 975.0
P1903 0.994888 147.0 1029.0 334.0 1202.0
P1903 0.993714 653.0 870.0 799.0 1038.0
P1903 0.970161 382.0 1060.0 538.0 1201.0
P1903 0.538363 1035.0 285.0 1360.0 718.0
P1903 0.100971 251.0 266.0 394.0 519.0
P1903 0.083478 141.0 175.0 1022.0 522.0
P1903 0.059307 922.0 264.0 1019.0 537.0
P1919 0.055776 598.0 562.0 649.0 750.0
P1992 0.170247 962.0 794.0 1017.0 1036.0
P2011 0.992255 180.0 955.0 334.0 1111.0
P2011 0.087643 136.0 321.0 428.0 865.0
P2012 0.46058 1.0 359.0 204.0 513.0
P2012 0.148453 16.0 280.0 69.0 328.0
P2121 0.997241 510.0 151.0 743.0 346.0
P2121 0.522736 175.0 292.0 558.0 973.0
P2121 0.062255 124.0 0.0 836.0 349.0
P2150 0.995721 50.0 425.0 193.0 555.0
P2150 0.995231 73.0 175.0 208.0 321.0
P2150 0.972392 113.0 674.0 238.0 785.0
P2150 0.060767 41.0 40.0 270.0 392.0
P2166 0.147113 569.0 194.0 1022.0 791.0
P2167 0.804541 903.0 800.0 1022.0 1011.0
P2167 0.246284 898.0 776.0 1216.0 1074.0
P2167 0.143509 352.0 56.0 588.0 194.0
P2168 0.988271 684.0 208.0 957.0 479.0
P2168 0.970419 191.0 62.0 611.0 449.0
P2168 0.940345 418.0 240.0 604.0 425.0
P2168 0.479644 512.0 64.0 613.0 480.0
P2168 0.287056 512.0 311.0 588.0 433.0
P2168 0.099889 1183.0 529.0 1534.0 804.0
P2169 0.717395 767.0 593.0 895.0 719.0
P2181 0.506625 1024.0 1688.0 1604.0 2432.0
P2181 0.400563 798.0 1410.0 1016.0 1623.0
P2181 0.358485 1301.0 1490.0 2024.0 2046.0
P2181 0.227931 8.0 1410.0 817.0 1774.0
P2181 0.169179 512.0 1411.0 833.0 1675.0
P2181 0.151449 1033.0 1782.0 1508.0 2046.0
P2181 0.118145 573.0 1024.0 1534.0 1637.0
P2181 0.085378 1544.0 1510.0 1764.0 2046.0
P2181 0.065983 1349.0 1716.0 1524.0 2042.0
P2181 0.051887 1794.0 1771.0 2043.0 2046.0
P2194 0.996496 1102.0 1147.0 1302.0 1331.0
P2194 0.991932 1137.0 940.0 1505.0 1369.0
P2194 0.98927 1039.0 1481.0 1311.0 1715.0
P2194 0.956272 1066.0 1438.0 1315.0 1530.0
P2194 0.925141 1100.0 941.0 1488.0 1018.0
P2194 0.205901 1249.0 1150.0 1474.0 1343.0
P2194 0.107318 55.0 1153.0 390.0 1898.0
P2194 0.073224 711.0 1451.0 890.0 1792.0
P2197 0.992795 1560.0 183.0 1772.0 392.0
P2197 0.991591 243.0 256.0 434.0 451.0
P2197 0.983472 1630.0 513.0 1780.0 633.0
P2197 0.938549 240.0 626.0 369.0 757.0
P2197 0.882319 708.0 512.0 890.0 636.0
P2197 0.611341 198.0 132.0 683.0 490.0
P2197 0.565223 1347.0 15.0 1534.0 345.0
P2197 0.219139 737.0 236.0 899.0 408.0
P2197 0.083064 219.0 600.0 486.0 829.0
P2197 0.069718 582.0 131.0 971.0 763.0
P2241 0.988278 137.0 468.0 308.0 630.0
P2241 0.974839 381.0 314.0 502.0 393.0
P2241 0.812739 117.0 189.0 238.0 299.0
P2241 0.081391 98.0 428.0 477.0 800.0
P2255 0.901589 131.0 188.0 237.0 283.0
P2255 0.857834 534.0 599.0 631.0 693.0
P2255 0.57282 222.0 275.0 308.0 366.0
P2255 0.500241 446.0 523.0 542.0 618.0
P2255 0.421219 135.0 367.0 236.0 449.0
P2255 0.315328 615.0 519.0 698.0 594.0
P2255 0.206205 496.0 366.0 654.0 519.0
P2271 0.20455 4640.0 556.0 4983.0 1534.0
P2271 0.062432 873.0 1891.0 1022.0 2045.0
P2285 0.065646 927.0 2857.0 1019.0 3018.0
P2285 0.055695 1039.0 1024.0 1286.0 1382.0
P2310 0.068263 5.0 166.0 323.0 451.0
P2330 0.75655 5771.0 2452.0 5952.0 2557.0
P2330 0.58275 5017.0 2925.0 5114.0 3185.0
P2330 0.499391 4733.0 2362.0 4921.0 2534.0
P2330 0.394743 7856.0 2392.0 8058.0 2558.0
P2330 0.366071 308.0 2560.0 417.0 2623.0
P2330 0.241053 219.0 2457.0 399.0 2558.0
P2330 0.20941 6477.0 2535.0 6654.0 2726.0
P2330 0.12882 7168.0 1825.0 7245.0 1925.0
P2330 0.117192 5777.0 2560.0 5929.0 2617.0
P2330 0.070163 5297.0 2666.0 5427.0 2855.0
P2330 0.068113 4409.0 3094.0 4660.0 3190.0
P2330 0.065482 7566.0 1782.0 7770.0 1879.0
P2331 0.971413 1683.0 1556.0 1868.0 1741.0
P2331 0.198182 2830.0 512.0 3036.0 558.0
P2337 0.59135 1724.0 919.0 1885.0 1056.0
P2337 0.121203 1859.0 512.0 2014.0 622.0
P2337 0.114937 845.0 1826.0 1019.0 1972.0
P2337 0.105674 1295.0 255.0 1447.0 391.0
P2337 0.0792 530.0 857.0 680.0 985.0
P2337 0.065822 1643.0 236.0 1843.0 416.0
P2337 0.056134 1826.0 1179.0 1973.0 1309.0
P2342 0.108158 579.0 712.0 1022.0 985.0
P2365 0.691122 552.0 1568.0 1022.0 2248.0
P2365 0.266683 832.0 542.0 1330.0 867.0
P2365 0.26397 16.0 368.0 223.0 830.0
P2365 0.191363 1986.0 617.0 2551.0 1215.0
P2365 0.181689 767.0 527.0 1017.0 839.0
P2365 0.176797 964.0 1324.0 1512.0 1930.0
P2365 0.145683 1028.0 356.0 1546.0 579.0
P2365 0.132889 515.0 1303.0 656.0 1460.0
P2365 0.084658 163.0 861.0 454.0 1341.0
P2365 0.068607 1698.0 1801.0 2046.0 2046.0
P2365 0.05411 1687.0 1722.0 2358.0 2325.0
P2378 0.225634 411.0 822.0 581.0 913.0
P2393 0.101666 1779.0 1549.0 1978.0 1743.0
P2404 0.806631 5051.0 3515.0 5117.0 3582.0
P2404 0.719776 4219.0 731.0 4337.0 846.0
P2404 0.512051 5018.0 3493.0 5106.0 3689.0
P2404 0.082681 2782.0 2580.0 2940.0 2735.0
P2408 0.351827 1187.0 1817.0 1306.0 1993.0
P2408 0.171835 734.0 236.0 996.0 555.0
P2408 0.067681 1816.0 0.0 1995.0 282.0
P2408 0.06235 975.0 221.0 1039.0 567.0
P2429 0.194655 1414.0 1796.0 1534.0 2022.0
P2446 0.593746 1360.0 1811.0 2013.0 2245.0
P2450 0.074717 1189.0 1251.0 1673.0 1461.0
P2455 0.14107 912.0 1842.0 1298.0 2199.0
P2462 0.128177 874.0 238.0 1039.0 364.0
P2462 0.081815 1790.0 1179.0 1888.0 1265.0
P2477 0.771879 23.0 0.0 595.0 583.0
P2477 0.438522 43.0 628.0 536.0 963.0
P2477 0.140146 894.0 1853.0 1150.0 2130.0
P2477 0.139376 635.0 955.0 889.0 1341.0
P2477 0.093295 755.0 25.0 1015.0 375.0
P2477 0.078163 565.0 910.0 1479.0 1350.0
P2477 0.067024 512.0 1505.0 1242.0 1858.0
P2477 0.055562 609.0 1069.0 974.0 1962.0
P2477 0.051957 294.0 1024.0 607.0 1219.0
P2478 0.193832 1422.0 682.0 1654.0 975.0
P2478 0.154908 6.0 371.0 109.0 557.0
P2478 0.058511 863.0 13.0 1731.0 379.0
P2481 0.8477 646.0 1453.0 1151.0 1968.0
P2481 0.704552 312.0 0.0 1012.0 500.0
P2481 0.501197 1307.0 1500.0 1632.0 2012.0
P2481 0.462905 44.0 1501.0 750.0 2368.0
P2481 0.255291 714.0 538.0 1155.0 1196.0
P2481 0.238157 391.0 339.0 1022.0 570.0
P2481 0.226387 1077.0 2033.0 1689.0 2478.0
P2481 0.199402 1307.0 1034.0 1593.0 1421.0
P2481 0.105021 1508.0 1555.0 2329.0 2038.0
P2481 0.1029 1039.0 1519.0 1178.0 2033.0
P2481 0.090204 0.0 538.0 335.0 778.0
P2481 0.080176 665.0 0.0 1297.0 897.0
P2481 0.073506 1024.0 19.0 1340.0 372.0
P2481 0.071276 512.0 1570.0 700.0 2039.0
P2481 0.060592 1879.0 1717.0 2046.0 1894.0
P2481 0.058689 533.0 2151.0 808.0 2518.0
P2481 0.056253 1043.0 309.0 1349.0 565.0
P2481 0.050018 512.0 512.0 1142.0 601.0
P2488 0.093736 894.0 1050.0 1014.0 1274.0
P2488 0.082244 0.0 1514.0 783.0 1888.0
P2488 0.065004 2067.0 1034.0 2313.0 1213.0
P2504 0.294001 1492.0 1166.0 1618.0 1372.0
P2504 0.129303 615.0 1033.0 780.0 1624.0
P2541 0.462804 389.0 561.0 645.0 879.0
P2541 0.398273 1067.0 409.0 1344.0 686.0
P2541 0.257727 887.0 1024.0 1022.0 1132.0
P2541 0.127463 1297.0 512.0 1534.0 650.0
P2547 0.366726 710.0 2342.0 921.0 2422.0
P2547 0.163626 527.0 2220.0 1003.0 2420.0
P2547 0.096766 512.0 1932.0 640.0 2311.0
P2547 0.070262 2568.0 934.0 2748.0 1022.0
P2563 0.197773 1406.0 149.0 1534.0 412.0
P2563 0.104187 146.0 353.0 978.0 808.0
P2563 0.073496 148.0 491.0 351.0 833.0
P2563 0.065116 1492.0 148.0 1530.0 407.0
P2570 0.729346 16.0 183.0 473.0 860.0
P2570 0.074152 1334.0 367.0 1707.0 983.0
P2580 0.130272 148.0 182.0 608.0 772.0
P2582 0.093619 135.0 375.0 581.0 1006.0
P2582 0.071171 956.0 751.0 1459.0 1313.0
P2582 0.06542 678.0 749.0 990.0 1014.0
P2587 0.323068 1966.0 523.0 2420.0 732.0
P2587 0.222329 1708.0 331.0 2480.0 827.0
P2587 0.220285 1483.0 683.0 2046.0 1317.0
P2587 0.179625 657.0 1040.0 1289.0 1566.0
P2587 0.113841 154.0 1024.0 1022.0 1444.0
P2587 0.050538 1539.0 990.0 1719.0 1019.0
P2592 0.078244 1425.0 459.0 2053.0 1087.0
P2593 0.987329 900.0 354.0 1096.0 553.0
P2593 0.672158 179.0 512.0 470.0 859.0
P2593 0.078861 0.0 276.0 790.0 781.0
P2593 0.06415 374.0 169.0 1145.0 629.0
P2595 0.635681 869.0 1024.0 964.0 1244.0
P2595 0.576979 537.0 356.0 966.0 868.0
P2595 0.087558 109.0 886.0 429.0 1441.0
P2598 0.129955 1368.0 496.0 1534.0 1022.0
P2598 0.078946 1355.0 977.0 2138.0 1497.0
P2598 0.051032 1404.0 267.0 2104.0 562.0
P2610 0.316506 1816.0 1.0 1835.0 86.0
P2645 0.288913 3001.0 656.0 3068.0 974.0
P2645 0.110494 2445.0 2874.0 2558.0 3021.0
P2645 0.07507 1334.0 685.0 1534.0 910.0
P2645 0.074565 3052.0 1505.0 3068.0 1534.0
P2645 0.052363 2238.0 2824.0 2558.0 3032.0
P2645 0.051801 2560.0 1293.0 2773.0 1534.0
P2645 0.051315 3509.0 988.0 3724.0 1173.0
P2678 0.087214 1903.0 749.0 2083.0 984.0
P2689 0.109798 932.0 1024.0 1002.0 1128.0
P2689 0.080897 1401.0 2964.0 1534.0 3254.0
P2689 0.076353 1426.0 3001.0 1534.0 3070.0
P2689 0.068229 4684.0 2070.0 5389.0 2543.0
P2689 0.056642 5134.0 2432.0 5846.0 2915.0
P2718 0.070454 3469.0 1422.0 3582.0 1517.0
P2724 0.072274 512.0 1456.0 716.0 1625.0
P2726 0.116708 524.0 513.0 806.0 1212.0
P2726 0.109134 9.0 2491.0 78.0 2558.0
P2726 0.106622 683.0 2213.0 986.0 2517.0
P2726 0.057219 304.0 698.0 502.0 1110.0
P2733 0.103407 1556.0 1288.0 2021.0 1534.0
P2745 0.290876 883.0 668.0 1022.0 812.0
P2745 0.145757 2974.0 1724.0 3059.0 2025.0
P2754 0.692212 1310.0 1206.0 1518.0 1425.0
P2754 0.682655 1536.0 699.0 1843.0 1022.0
P2754 0.286661 1150.0 603.0 1942.0 998.0
P2758 0.649316 3584.0 3978.0 3785.0 4094.0
P2758 0.471133 5120.0 2560.0 5172.0 2687.0
P2758 0.259078 3072.0 1983.0 3607.0 2558.0
P2758 0.190031 3588.0 3093.0 4071.0 4094.0
P2758 0.101293 3420.0 512.0 3573.0 607.0
P2758 0.097257 4216.0 3072.0 4592.0 4094.0
P2758 0.092239 1880.0 190.0 2046.0 367.0
P2758 0.050737 2358.0 1536.0 2558.0 1654.0
P2766 0.064605 3602.0 5418.0 3752.0 5537.0
P2768 0.064446 439.0 1870.0 505.0 2032.0
P2768 0.059161 693.0 1815.0 878.0 2121.0
P2778 0.052666 512.0 931.0 592.0 1022.0
P2781 0.544165 2761.0 752.0 3070.0 998.0
P2791 0.6298 2560.0 3072.0 2788.0 3350.0
P2791 0.469093 2861.0 3312.0 3070.0 3657.0
P2791 0.279927 3527.0 340.0 3689.0 509.0
P2791 0.166489 2050.0 5041.0 2136.0 5118.0
P2791 0.05642 2561.0 5535.0 2666.0 5630.0
P2794 0.691793 1536.0 323.0 1752.0 996.0
P2794 0.510535 1074.0 392.0 1831.0 842.0
P2794 0.136684 1047.0 512.0 1306.0 1455.0
P2794 0.120619 1043.0 1024.0 1807.0 1310.0
P2794 0.111471 1628.0 1030.0 1771.0 1246.0
P2802 0.987961 3121.0 801.0 3367.0 1004.0
P2802 0.24509 431.0 3384.0 611.0 3536.0
