P0047 0.760649 262.0 89.0 539.0 854.0
P0047 0.052228 53.0 1030.0 494.0 1506.0
P0047 0.05221 524.0 1199.0 881.0 1474.0
P0086 0.071528 215.0 365.0 891.0 960.0
P0117 0.118528 1004.0 232.0 1021.0 343.0
P0117 0.072881 1015.0 265.0 1022.0 336.0
P0128 0.087814 633.0 1011.0 1010.0 1294.0
P0130 0.073543 416.0 363.0 495.0 535.0
P0131 0.685746 326.0 343.0 633.0 1022.0
P0143 0.164956 363.0 269.0 435.0 446.0
P0143 0.096448 101.0 315.0 250.0 498.0
P0146 0.416457 1700.0 689.0 2380.0 1480.0
P0146 0.23523 1536.0 323.0 2400.0 836.0
P0146 0.212494 1367.0 860.0 2046.0 1351.0
P0242 0.400646 0.0 75.0 410.0 346.0
P0242 0.269548 2.0 652.0 93.0 997.0
P0259 0.067241 737.0 1446.0 1317.0 1598.0
P0368 0.465266 126.0 648.0 664.0 1210.0
P0374 0.172355 1086.0 320.0 1314.0 775.0
P0374 0.056288 643.0 347.0 1146.0 984.0
P0382 0.078924 996.0 842.0 1070.0 1170.0
P0385 0.259027 0.0 683.0 365.0 883.0
P0385 0.19475 513.0 287.0 874.0 883.0
P0385 0.074922 0.0 291.0 273.0 798.0
P0396 0.580609 854.0 923.0 1022.0 1175.0
P0396 0.058992 988.0 728.0 1076.0 1022.0
P0402 0.172793 138.0 407.0 467.0 851.0
P0402 0.110013 93.0 10.0 369.0 565.0
P0402 0.056661 157.0 417.0 411.0 577.0
P0466 0.12158 713.0 0.0 1296.0 614.0
P0491 0.309831 1536.0 512.0 1943.0 744.0
P0491 0.192751 1024.0 894.0 1397.0 1248.0
P0491 0.143216 1536.0 1153.0 2229.0 1655.0
P0491 0.142238 1903.0 512.0 2536.0 1077.0
P0491 0.128411 1114.0 1321.0 1534.0 1764.0
P0491 0.10419 1024.0 513.0 1188.0 553.0
P0491 0.062524 1536.0 74.0 1995.0 787.0
P0491 0.057042 989.0 539.0 1515.0 1460.0
P0491 0.052985 705.0 1262.0 1101.0 1534.0
P0659 0.121894 168.0 193.0 463.0 340.0
P0665 0.444718 767.0 1148.0 1022.0 1534.0
P0665 0.437927 270.0 342.0 1059.0 976.0
P0665 0.241948 443.0 94.0 1210.0 551.0
P0665 0.190357 698.0 1132.0 1292.0 1306.0
P0665 0.134144 0.0 656.0 892.0 1072.0
P0665 0.075243 692.0 928.0 982.0 1022.0
P0665 0.059106 443.0 656.0 817.0 911.0
P0673 0.326364 563.0 0.0 1022.0 723.0
P0673 0.29499 0.0 0.0 566.0 738.0
P0673 0.235938 687.0 443.0 1012.0 980.0
P0673 0.065084 26.0 123.0 1022.0 418.0
P0770 0.806081 674.0 755.0 1501.0 1022.0
P0770 0.785019 760.0 778.0 1022.0 1101.0
P0770 0.352739 586.0 505.0 972.0 1007.0
P0770 0.343966 821.0 507.0 1437.0 1344.0
P0770 0.182223 894.0 947.0 1494.0 1224.0
P0791 0.058652 107.0 438.0 767.0 933.0
P0815 0.116658 0.0 0.0 91.0 392.0
P0815 0.085 235.0 0.0 657.0 306.0
P0822 0.080782 55.0 221.0 218.0 428.0
P0822 0.059497 929.0 435.0 1221.0 578.0
P0833 0.633709 719.0 885.0 1022.0 1157.0
P0833 0.322697 861.0 921.0 1340.0 1157.0
P0833 0.058058 1346.0 501.0 1579.0 863.0
P0833 0.052744 617.0 135.0 765.0 295.0
P0841 0.144538 1387.0 546.0 1701.0 860.0
P0841 0.073693 512.0 16.0 660.0 241.0
P1075 0.070587 1930.0 512.0 2037.0 757.0
P1138 0.066019 816.0 433.0 1021.0 964.0
P1147 0.065204 2883.0 4900.0 3061.0 5397.0
P1178 0.06208 2108.0 2703.0 2544.0 2895.0
P1178 0.053908 576.0 2560.0 774.0 3023.0
P1179 0.295715 0.0 5704.0 1022.0 6142.0
P1179 0.267362 1110.0 4650.0 1434.0 4933.0
P1179 0.08693 5615.0 1313.0 5858.0 1534.0
P1179 0.070535 1396.0 2048.0 1611.0 2473.0
P1179 0.068761 512.0 5876.0 1454.0 6356.0
P1179 0.059136 1764.0 1539.0 2252.0 1714.0
P1179 0.053456 1030.0 1536.0 1383.0 2558.0
P1184 0.384457 1024.0 1024.0 1286.0 1277.0
P1184 0.264596 1024.0 555.0 1336.0 1188.0
P1184 0.230435 766.0 5311.0 1016.0 5630.0
P1184 0.086057 1995.0 3710.0 2046.0 3993.0
P1184 0.063767 1024.0 564.0 1424.0 756.0
P1184 0.062156 512.0 2561.0 604.0 2693.0
P1189 0.081438 403.0 570.0 751.0 743.0
P1314 0.050464 2262.0 2048.0 2551.0 2252.0
P1315 0.064616 3738.0 3040.0 3998.0 3380.0
P1315 0.061385 2928.0 2976.0 3070.0 3146.0
P1323 0.241956 1115.0 2560.0 1534.0 3580.0
P1323 0.077805 343.0 1028.0 647.0 1227.0
P1323 0.069193 1536.0 1695.0 1882.0 1952.0
P1323 0.05707 3025.0 2560.0 3070.0 2702.0
P1370 0.065678 1401.0 2904.0 1534.0 3070.0
P1376 0.31783 1604.0 2862.0 1996.0 3070.0
P1376 0.215931 561.0 2733.0 1014.0 3070.0
P1376 0.11106 3303.0 625.0 3582.0 1022.0
P1377 0.58884 2010.0 1298.0 2046.0 1532.0
P1377 0.48387 523.0 0.0 1001.0 799.0
P1377 0.419487 2770.0 2054.0 2985.0 2460.0
P1377 0.363049 2048.0 1938.0 2315.0 2459.0
P1377 0.175741 2325.0 730.0 2567.0 935.0
P1377 0.158678 2049.0 89.0 2625.0 575.0
P1377 0.142752 1536.0 1536.0 1904.0 1991.0
P1377 0.114113 2288.0 2020.0 3027.0 2476.0
P1377 0.108875 1536.0 1489.0 1808.0 1534.0
P1377 0.096588 1536.0 1513.0 1547.0 1534.0
P1377 0.077449 1797.0 1536.0 2520.0 1995.0
P1377 0.076206 1280.0 1941.0 1861.0 2503.0
P1377 0.067011 2048.0 1260.0 2365.0 1534.0
P1377 0.052638 1936.0 512.0 2040.0 905.0
P1377 0.052343 1313.0 1024.0 1930.0 1658.0
P1380 0.183123 2635.0 2571.0 2967.0 2816.0
P1380 0.176141 2513.0 2378.0 3019.0 2558.0
P1380 0.171135 2560.0 4167.0 2861.0 4492.0
P1380 0.098846 3373.0 3473.0 3583.0 3582.0
P1380 0.096171 2048.0 512.0 2228.0 763.0
P1380 0.060992 2253.0 2395.0 2484.0 2669.0
P1380 0.059878 2634.0 2564.0 2787.0 2726.0
P1380 0.054844 2583.0 3072.0 3070.0 3252.0
P1380 0.050669 2894.0 4376.0 3070.0 4527.0
P1384 0.278107 4608.0 4611.0 4798.0 4704.0
P1384 0.257047 2048.0 522.0 2197.0 1162.0
P1384 0.125486 4931.0 512.0 5298.0 764.0
P1384 0.086828 2674.0 1863.0 2784.0 2046.0
P1384 0.078758 2504.0 2048.0 2558.0 2067.0
P1384 0.077858 4104.0 3584.0 4336.0 3998.0
P1384 0.074119 1536.0 211.0 1630.0 451.0
P1384 0.059846 4096.0 3139.0 4338.0 3556.0
P1384 0.059067 4096.0 3584.0 4207.0 3820.0
P1384 0.05674 4608.0 1536.0 4620.0 1548.0
P1384 0.056541 1320.0 244.0 1400.0 343.0
P1410 0.549245 4101.0 2560.0 4606.0 2998.0
P1410 0.535304 4099.0 1862.0 4703.0 2517.0
P1410 0.492502 4312.0 2355.0 5200.0 3024.0
P1410 0.49106 3638.0 4928.0 4094.0 5097.0
P1410 0.459615 3213.0 4460.0 3692.0 5098.0
P1410 0.446767 4263.0 1252.0 4597.0 1886.0
P1410 0.416804 2150.0 4608.0 2511.0 5046.0
P1410 0.396368 1024.0 205.0 1547.0 925.0
P1410 0.368028 4685.0 1602.0 5038.0 2494.0
P1410 0.273318 1536.0 3065.0 2194.0 3524.0
P1410 0.234136 1548.0 4113.0 1973.0 4812.0
P1410 0.224331 2599.0 3096.0 3127.0 3680.0
P1410 0.213311 4430.0 2560.0 4807.0 2949.0
P1410 0.192092 4696.0 2560.0 5107.0 2934.0
P1410 0.175802 3097.0 5158.0 3543.0 5849.0
P1410 0.150366 3073.0 3229.0 3105.0 3582.0
P1410 0.149421 4312.0 1034.0 4552.0 1470.0
P1410 0.144535 4471.0 2406.0 5118.0 2548.0
P1410 0.125601 1024.0 3261.0 1448.0 3582.0
P1410 0.124209 4191.0 2333.0 4592.0 2542.0
P1410 0.120338 3584.0 4763.0 3615.0 5068.0
P1410 0.1095 2934.0 4423.0 3165.0 4606.0
P1410 0.094612 1119.0 3584.0 1297.0 3771.0
P1410 0.084679 3072.0 2112.0 3102.0 2379.0
P1410 0.073095 4532.0 2048.0 4599.0 2352.0
P1410 0.065433 4740.0 1917.0 5038.0 2046.0
P1410 0.061187 3624.0 4687.0 4367.0 5078.0
P1410 0.054697 1024.0 3819.0 1121.0 3972.0
P1410 0.052644 1541.0 3584.0 1772.0 4105.0
P1429 0.073173 1718.0 1923.0 1977.0 2032.0
P1429 0.068337 2048.0 716.0 2314.0 1022.0
P1432 0.431645 1571.0 786.0 1760.0 1223.0
P1432 0.320251 1575.0 878.0 1739.0 1022.0
P1432 0.193525 117.0 2632.0 357.0 2988.0
P1432 0.161461 1731.0 1028.0 1881.0 1245.0
P1432 0.09485 2725.0 1368.0 2958.0 1534.0
P1432 0.075439 2808.0 1471.0 2989.0 2043.0
P1432 0.069845 1748.0 869.0 1883.0 1014.0
P1440 0.060565 1218.0 621.0 1534.0 1004.0
P1456 0.48142 512.0 1507.0 1033.0 1639.0
P1456 0.413818 338.0 682.0 1022.0 1022.0
P1456 0.295596 2513.0 722.0 3070.0 993.0
P1456 0.272075 468.0 1024.0 1022.0 1910.0
P1456 0.191063 2470.0 895.0 3149.0 1534.0
P1456 0.154163 512.0 1663.0 698.0 1868.0
P1456 0.103446 2470.0 1488.0 2561.0 1876.0
P1456 0.070012 2470.0 1024.0 2584.0 1699.0
P1456 0.06509 247.0 1639.0 433.0 1885.0
P1456 0.060721 839.0 1644.0 1019.0 1874.0
P1463 0.450758 3332.0 2223.0 3703.0 2558.0
P1463 0.404858 1536.0 1024.0 1945.0 1265.0
P1463 0.383592 2048.0 2022.0 2894.0 2583.0
P1463 0.369194 1298.0 851.0 1907.0 1022.0
P1463 0.231983 3340.0 1545.0 3582.0 1957.0
P1463 0.177487 2084.0 2229.0 2473.0 2539.0
P1463 0.146897 1024.0 1536.0 1744.0 2061.0
P1463 0.142693 3112.0 1757.0 3582.0 2043.0
P1463 0.139477 620.0 1536.0 779.0 1690.0
P1463 0.126177 2238.0 1486.0 2907.0 2046.0
P1463 0.125008 1079.0 1022.0 1935.0 1534.0
P1463 0.10511 1616.0 512.0 2046.0 793.0
P1463 0.092501 1536.0 1186.0 1878.0 1534.0
P1463 0.088328 2340.0 1407.0 2554.0 1534.0
P1463 0.08275 1028.0 1536.0 1153.0 1804.0
P1463 0.062674 2560.0 2022.0 2790.0 2415.0
P1463 0.060686 863.0 1133.0 1022.0 1413.0
P1463 0.054916 1355.0 1024.0 1534.0 1178.0
P1463 0.051923 1024.0 2022.0 1570.0 2185.0
P1471 0.149805 1378.0 515.0 1811.0 604.0
P1471 0.132442 2469.0 1028.0 2558.0 1464.0
P1471 0.103452 4349.0 2827.0 4509.0 3070.0
P1471 0.068763 2560.0 521.0 2679.0 755.0
P1471 0.066003 2161.0 547.0 2535.0 1534.0
P1471 0.065697 3076.0 1327.0 3188.0 1594.0
P1471 0.065172 515.0 2170.0 593.0 2558.0
P1471 0.057623 2126.0 725.0 2539.0 1022.0
P1474 0.258015 1687.0 2394.0 1878.0 2687.0
P1474 0.155345 2499.0 4612.0 2554.0 4850.0
P1474 0.056701 299.0 2429.0 614.0 2558.0
P1483 0.094677 1542.0 549.0 1697.0 1248.0
P1492 0.095127 600.0 1024.0 1555.0 1433.0
P1492 0.083005 215.0 389.0 1022.0 1014.0
P1492 0.06911 569.0 512.0 1510.0 911.0
P1492 0.059487 315.0 512.0 739.0 1534.0
P1492 0.058 672.0 512.0 1022.0 1534.0
P1508 0.651941 512.0 1627.0 1294.0 2208.0
P1508 0.153115 716.0 1024.0 1171.0 2046.0
P1508 0.128307 930.0 2707.0 1402.0 3591.0
P1508 0.068204 793.0 1096.0 1022.0 1534.0
P1529 0.214586 1042.0 0.0 1361.0 197.0
P1541 0.056728 54.0 1024.0 301.0 1207.0
P1542 0.069533 112.0 0.0 825.0 476.0
P1561 0.065525 3434.0 0.0 3582.0 86.0
P1566 0.453882 2615.0 2976.0 3054.0 3246.0
P1566 0.141369 2633.0 3291.0 2976.0 3582.0
P1566 0.112911 1587.0 1026.0 1854.0 1274.0
P1570 0.075875 3744.0 3072.0 3998.0 3320.0
P1573 0.110192 3270.0 512.0 3529.0 737.0
P1573 0.10482 2757.0 231.0 3040.0 526.0
P1577 0.146438 3268.0 2642.0 4041.0 3199.0
P1579 0.051941 0.0 2560.0 514.0 3280.0
P1579 0.051088 2077.0 2048.0 2558.0 2219.0
P1581 0.091428 3072.0 0.0 3919.0 389.0
P1584 0.273763 4173.0 512.0 4290.0 680.0
P1584 0.081122 512.0 11.0 739.0 480.0
P1604 0.061479 2049.0 1552.0 2199.0 1776.0
P1610 0.10847 2823.0 3903.0 3122.0 3998.0
P1610 0.084622 2681.0 3023.0 3582.0 3717.0
P1619 0.237266 2560.0 2708.0 3053.0 3534.0
P1619 0.148153 0.0 3507.0 976.0 3998.0
P1619 0.13853 1380.0 1236.0 1822.0 2046.0
P1619 0.09555 1207.0 512.0 1534.0 589.0
P1619 0.095312 1787.0 512.0 2358.0 1441.0
P1619 0.067399 60.0 1230.0 546.0 2046.0
P1619 0.061833 2052.0 2780.0 2599.0 3582.0
P1619 0.055581 1272.0 876.0 1871.0 1022.0
P1619 0.053521 542.0 1536.0 1499.0 1980.0
P1623 0.100284 1536.0 512.0 2128.0 1146.0
P1623 0.073585 2048.0 512.0 2499.0 1534.0
P1647 0.14278 1591.0 2976.0 1958.0 3073.0
P1666 0.09549 2048.0 1536.0 2345.0 1677.0
P1672 0.05837 3793.0 1536.0 3998.0 1680.0
P1679 0.293563 1774.0 4425.0 2558.0 4901.0
P1679 0.276602 1430.0 4205.0 2046.0 4979.0
P1679 0.226636 2726.0 4289.0 3541.0 4742.0
P1679 0.077334 2976.0 4114.0 3864.0 4606.0
P1720 0.185158 1536.0 2560.0 2040.0 3300.0
P1720 0.066641 3778.0 512.0 3998.0 1051.0
P1738 0.129516 3353.0 1833.0 3998.0 2558.0
P1749 0.070436 1826.0 0.0 2046.0 133.0
P1786 0.702884 962.0 834.0 1022.0 1022.0
P1786 0.596374 908.0 791.0 1020.0 1299.0
P1786 0.372789 1538.0 1163.0 1554.0 1446.0
P1786 0.329878 344.0 2594.0 985.0 3421.0
P1786 0.302394 1539.0 1168.0 1643.0 1469.0
P1786 0.163527 988.0 1024.0 1021.0 1174.0
P1786 0.140273 949.0 826.0 1230.0 1022.0
P1786 0.132488 836.0 839.0 1022.0 959.0
P1786 0.115576 840.0 1026.0 1022.0 1148.0
P1786 0.092431 1305.0 1024.0 1620.0 1404.0
P1786 0.076657 974.0 984.0 1022.0 1022.0
P1786 0.074633 1014.0 737.0 1534.0 1428.0
P1786 0.059396 2859.0 2312.0 3070.0 2548.0
P1809 0.586925 2581.0 1420.0 3186.0 2043.0
P1809 0.230111 5320.0 2049.0 5617.0 2339.0
P1809 0.175076 3142.0 2560.0 3707.0 3261.0
P1809 0.134817 1402.0 2560.0 1689.0 2826.0
P1809 0.087354 1799.0 2378.0 1932.0 2549.0
P1809 0.079906 5798.0 2021.0 5899.0 2045.0
P1829 0.056325 534.0 651.0 716.0 843.0
P1854 0.505915 1154.0 113.0 1807.0 353.0
P1854 0.444748 5387.0 3072.0 5630.0 3178.0
P1854 0.426625 4608.0 3976.0 5149.0 4285.0
P1854 0.421627 5115.0 3973.0 5630.0 4285.0
P1854 0.392881 2594.0 4076.0 3070.0 4279.0
P1854 0.138864 544.0 2068.0 959.0 2308.0
P1854 0.130582 2606.0 125.0 3262.0 311.0
P1854 0.084786 3118.0 4040.0 3568.0 4270.0
P1854 0.061016 8704.0 1024.0 9096.0 1346.0
P1854 0.055387 561.0 1039.0 952.0 1259.0
P1854 0.05188 5285.0 3526.0 5700.0 4283.0
P1903 0.962806 512.0 264.0 1032.0 603.0
P1903 0.832129 972.0 174.0 1494.0 578.0
P1903 0.723904 922.0 264.0 1034.0 703.0
P1903 0.445298 249.0 264.0 393.0 547.0
P1903 0.174029 264.0 194.0 1022.0 369.0
P1903 0.057467 216.0 264.0 884.0 873.0
P1950 0.134186 0.0 364.0 146.0 549.0
P1960 0.067731 475.0 28.0 668.0 272.0
P1973 0.103555 512.0 1127.0 821.0 1534.0
P1992 0.069807 952.0 794.0 1020.0 1152.0
P2011 0.794595 130.0 181.0 464.0 921.0
P2011 0.10764 205.0 756.0 401.0 907.0
P2011 0.0516 155.0 280.0 423.0 529.0
P2012 0.740088 187.0 36.0 380.0 121.0
P2085 0.107868 468.0 51.0 623.0 411.0
P2085 0.088759 632.0 93.0 786.0 423.0
P2085 0.077769 332.0 60.0 799.0 311.0
P2085 0.075022 799.0 123.0 1021.0 415.0
P2121 0.300802 168.0 302.0 642.0 1022.0
P2129 0.57956 453.0 0.0 839.0 727.0
P2150 0.090026 97.0 662.0 264.0 812.0
P2150 0.057581 412.0 285.0 625.0 452.0
P2166 0.36855 555.0 159.0 1022.0 828.0
P2166 0.29482 238.0 193.0 418.0 317.0
P2167 0.294776 875.0 730.0 1230.0 1022.0
P2168 0.344804 181.0 0.0 671.0 648.0
P2168 0.207541 1000.0 924.0 1162.0 1064.0
P2168 0.118953 512.0 245.0 602.0 493.0
P2168 0.050954 1191.0 526.0 1534.0 834.0
P2181 0.337948 760.0 1410.0 1022.0 1753.0
P2181 0.207309 512.0 1410.0 855.0 1705.0
P2181 0.135879 791.0 1707.0 1534.0 2046.0
P2181 0.10978 0.0 1410.0 839.0 1823.0
P2194 0.878532 96.0 1122.0 374.0 1534.0
P2194 0.387583 1365.0 1574.0 1658.0 1982.0
P2194 0.32291 692.0 1141.0 938.0 1913.0
P2194 0.071266 1060.0 1446.0 1304.0 1534.0
P2194 0.06495 1087.0 962.0 1483.0 1022.0
P2197 0.720101 1436.0 908.0 1663.0 1599.0
P2197 0.67875 673.0 512.0 926.0 797.0
P2197 0.545136 621.0 759.0 871.0 1283.0
P2197 0.379233 512.0 665.0 972.0 771.0
P2197 0.192069 526.0 89.0 982.0 814.0
P2197 0.123883 189.0 5.0 618.0 846.0
P2197 0.109396 702.0 665.0 917.0 727.0
P2197 0.092601 684.0 106.0 930.0 237.0
P2197 0.070801 174.0 512.0 992.0 767.0
P2220 0.141323 25.0 0.0 223.0 302.0
P2230 0.137272 2240.0 134.0 2503.0 287.0
P2231 0.222062 252.0 1167.0 573.0 1488.0
P2236 0.116971 827.0 443.0 1121.0 648.0
P2241 0.156811 107.0 181.0 223.0 286.0
P2241 0.075905 83.0 400.0 486.0 817.0
P2241 0.069422 72.0 462.0 328.0 643.0
P2242 0.363453 1985.0 142.0 2558.0 284.0
P2242 0.05194 1483.0 142.0 1533.0 254.0
P2255 0.112214 616.0 522.0 694.0 601.0
P2271 0.747866 3584.0 309.0 4606.0 642.0
P2271 0.735781 4096.0 483.0 4573.0 661.0
P2271 0.632285 2208.0 565.0 2550.0 804.0
P2271 0.621545 2560.0 444.0 3027.0 637.0
P2271 0.514968 2140.0 440.0 2558.0 636.0
P2271 0.444431 2966.0 464.0 3582.0 651.0
P2271 0.438639 1468.0 418.0 2046.0 631.0
P2271 0.408955 5120.0 268.0 6142.0 632.0
P2271 0.404017 4608.0 317.0 5630.0 644.0
P2271 0.384553 1098.0 694.0 1534.0 1519.0
P2271 0.347829 3940.0 1356.0 4595.0 1534.0
P2271 0.322733 4569.0 450.0 5118.0 637.0
P2271 0.283689 1349.0 450.0 1530.0 1022.0
P2271 0.264254 5885.0 107.0 6368.0 397.0
P2271 0.223708 3464.0 447.0 4094.0 632.0
P2271 0.215015 1369.0 336.0 1920.0 1022.0
P2271 0.166807 4608.0 1381.0 5032.0 1603.0
P2271 0.160463 3072.0 100.0 4094.0 481.0
P2271 0.089375 1460.0 394.0 1534.0 660.0
P2271 0.085583 5346.0 512.0 6052.0 656.0
P2271 0.084846 3986.0 1536.0 4094.0 1621.0
P2271 0.079541 1024.0 1194.0 1356.0 1534.0
P2271 0.070419 1536.0 1154.0 1793.0 1521.0
P2271 0.061303 4974.0 517.0 5630.0 659.0
P2271 0.053631 1611.0 32.0 2521.0 392.0
P2271 0.050038 5325.0 114.0 5630.0 408.0
P2294 0.051666 67.0 365.0 252.0 546.0
P2330 0.164328 5047.0 2921.0 5118.0 3070.0
P2330 0.144955 5120.0 2896.0 5149.0 3139.0
P2330 0.07724 7870.0 2359.0 8049.0 2558.0
P2331 0.739357 2719.0 482.0 3047.0 799.0
P2331 0.168328 2804.0 513.0 3036.0 569.0
P2331 0.108342 1647.0 512.0 2046.0 633.0
P2331 0.076714 2048.0 935.0 2181.0 1028.0
P2337 0.08385 809.0 1772.0 1152.0 2017.0
P2337 0.074793 1870.0 512.0 2013.0 637.0
P2342 0.130589 565.0 709.0 1058.0 1001.0
P2351 0.157621 525.0 524.0 803.0 865.0
P2351 0.050188 479.0 714.0 994.0 890.0
P2365 0.474066 1024.0 172.0 1442.0 1022.0
P2365 0.35629 1666.0 1686.0 2402.0 2325.0
P2365 0.315487 774.0 546.0 1009.0 908.0
P2365 0.283833 512.0 37.0 1022.0 382.0
P2365 0.270377 1.0 331.0 175.0 948.0
P2365 0.243148 69.0 797.0 560.0 1476.0
P2365 0.224632 236.0 56.0 531.0 376.0
P2365 0.198682 1536.0 0.0 1898.0 323.0
P2365 0.194488 942.0 508.0 1292.0 878.0
P2365 0.141528 1032.0 355.0 1530.0 599.0
P2365 0.139637 1691.0 1792.0 2046.0 2046.0
P2365 0.105011 1321.0 2158.0 1534.0 2325.0
P2365 0.079612 154.0 1024.0 418.0 1379.0
P2365 0.057706 417.0 512.0 685.0 726.0
P2365 0.056378 542.0 1538.0 1022.0 2310.0
P2365 0.053546 1024.0 1.0 1572.0 139.0
P2374 0.175609 818.0 686.0 1022.0 828.0
P2374 0.083526 1476.0 743.0 1533.0 826.0
P2374 0.063139 515.0 589.0 708.0 852.0
P2375 0.081631 740.0 481.0 941.0 696.0
P2378 0.107217 513.0 844.0 582.0 923.0
P2393 0.070251 556.0 775.0 771.0 971.0
P2393 0.058709 1713.0 1527.0 2043.0 1749.0
P2393 0.050374 1937.0 985.0 2046.0 1519.0
P2404 0.245355 3072.0 543.0 3160.0 832.0
P2404 0.12006 1546.0 2048.0 2046.0 2388.0
P2404 0.077312 3072.0 3072.0 3215.0 3405.0
P2404 0.054883 5043.0 3479.0 5115.0 3776.0
P2404 0.051443 3277.0 2710.0 3550.0 3064.0
P2408 0.453988 1179.0 1798.0 1331.0 2028.0
P2408 0.050562 715.0 223.0 1021.0 559.0
P2429 0.141175 1414.0 1809.0 1534.0 2027.0
P2446 0.183028 1424.0 1745.0 2013.0 2311.0
P2446 0.108472 0.0 653.0 395.0 934.0
P2449 0.137398 512.0 33.0 799.0 415.0
P2449 0.054279 847.0 512.0 1022.0 680.0
P2449 0.05076 657.0 515.0 886.0 704.0
P2450 0.053671 1179.0 1237.0 1678.0 1457.0
P2455 0.100708 512.0 726.0 642.0 994.0
P2462 0.134287 0.0 1024.0 400.0 1322.0
P2462 0.112801 866.0 0.0 1262.0 254.0
P2462 0.098527 1791.0 1179.0 1887.0 1294.0
P2462 0.07717 0.0 1179.0 283.0 1557.0
P2462 0.058443 657.0 1512.0 842.0 1754.0
P2462 0.057769 867.0 245.0 1053.0 379.0
P2477 0.4325 600.0 1024.0 984.0 1992.0
P2477 0.396748 884.0 7.0 1534.0 520.0
P2477 0.343929 885.0 1111.0 1173.0 1458.0
P2477 0.303732 38.0 563.0 647.0 1069.0
P2477 0.273477 512.0 932.0 1533.0 1465.0
P2477 0.260927 600.0 1566.0 966.0 1850.0
P2477 0.237482 34.0 1824.0 387.0 2126.0
P2477 0.147694 615.0 1135.0 899.0 1507.0
P2477 0.128709 532.0 1860.0 1241.0 2046.0
P2477 0.109617 1166.0 1127.0 1417.0 1552.0
P2477 0.105165 512.0 512.0 654.0 572.0
P2477 0.072493 512.0 732.0 571.0 867.0
P2477 0.071837 737.0 5.0 1022.0 418.0
P2477 0.065077 0.0 0.0 887.0 579.0
P2477 0.05509 512.0 1813.0 606.0 2046.0
P2477 0.050816 600.0 512.0 644.0 569.0
P2477 0.050197 600.0 55.0 843.0 577.0
P2478 0.404843 1405.0 667.0 1658.0 1008.0
P2478 0.27693 984.0 0.0 1534.0 615.0
P2478 0.169236 512.0 312.0 859.0 546.0
P2478 0.108391 0.0 362.0 77.0 570.0
P2478 0.088762 512.0 655.0 914.0 1534.0
P2478 0.070342 1134.0 512.0 1522.0 645.0
P2478 0.068377 901.0 645.0 1745.0 1017.0
P2481 0.451718 512.0 1478.0 667.0 2046.0
P2481 0.443401 65.0 1454.0 724.0 2046.0
P2481 0.34253 900.0 1040.0 1270.0 1356.0
P2481 0.240113 1024.0 302.0 1394.0 588.0
P2481 0.201961 550.0 1388.0 1181.0 1980.0
P2481 0.1204 274.0 0.0 1022.0 553.0
P2481 0.099624 1307.0 1024.0 1611.0 1479.0
P2481 0.094957 730.0 512.0 1213.0 1343.0
P2481 0.076217 512.0 514.0 1134.0 600.0
P2481 0.06791 2289.0 1406.0 2329.0 1463.0
P2488 0.276908 5.0 512.0 322.0 971.0
P2488 0.185909 0.0 1468.0 809.0 2031.0
P2488 0.167039 1365.0 727.0 1693.0 1013.0
P2488 0.135827 2060.0 1024.0 2320.0 1346.0
P2488 0.050438 269.0 512.0 611.0 773.0
P2502 0.316032 543.0 354.0 706.0 593.0
P2502 0.06041 397.0 1725.0 580.0 1843.0
P2502 0.050796 512.0 1746.0 587.0 1840.0
P2504 0.370903 1120.0 439.0 1240.0 633.0
P2504 0.261299 763.0 1118.0 1022.0 1456.0
P2504 0.108267 0.0 1024.0 279.0 1419.0
P2504 0.104645 611.0 1026.0 774.0 1625.0
P2504 0.097911 731.0 1024.0 1492.0 1500.0
P2504 0.090561 1496.0 1165.0 1618.0 1404.0
P2541 0.109721 1057.0 401.0 1348.0 710.0
P2541 0.108247 1024.0 1384.0 1489.0 1724.0
P2542 0.370224 1602.0 1.0 2031.0 242.0
P2542 0.064652 1238.0 1013.0 1265.0 1022.0
P2542 0.056318 1085.0 1463.0 1262.0 1573.0
P2547 0.186545 518.0 1977.0 680.0 2046.0
P2547 0.1841 2560.0 925.0 2775.0 1022.0
P2547 0.094885 809.0 1814.0 965.0 1919.0
P2547 0.080483 2704.0 1185.0 2744.0 1455.0
P2547 0.078868 512.0 1885.0 640.0 2349.0
P2547 0.075795 3706.0 1904.0 3724.0 1929.0
P2547 0.055984 2706.0 1135.0 3177.0 1409.0
P2563 0.69625 0.0 0.0 957.0 401.0
P2563 0.6638 512.0 305.0 1057.0 832.0
P2563 0.492975 981.0 148.0 1348.0 433.0
P2563 0.348964 986.0 145.0 1905.0 558.0
P2563 0.263691 512.0 0.0 918.0 270.0
P2563 0.256947 1137.0 415.0 1351.0 556.0
P2563 0.204173 1275.0 47.0 1534.0 464.0
P2563 0.193726 151.0 476.0 484.0 864.0
P2563 0.074595 0.0 0.0 664.0 159.0
P2570 0.831814 15.0 441.0 510.0 895.0
P2570 0.631101 1282.0 441.0 1764.0 1185.0
P2570 0.629556 425.0 441.0 1022.0 1172.0
P2570 0.505072 32.0 124.0 414.0 265.0
P2570 0.453443 512.0 0.0 1168.0 562.0
P2570 0.451429 775.0 708.0 1159.0 1022.0
P2570 0.254642 512.0 370.0 1385.0 789.0
P2570 0.249446 775.0 441.0 1072.0 887.0
P2580 0.622569 288.0 512.0 600.0 793.0
P2580 0.537101 291.0 646.0 875.0 1022.0
P2580 0.502289 149.0 55.0 605.0 837.0
P2580 0.357976 231.0 895.0 614.0 1118.0
P2580 0.073816 692.0 995.0 911.0 1279.0
P2580 0.054248 535.0 1065.0 637.0 1217.0
P2580 0.053118 371.0 1327.0 465.0 1534.0
P2582 0.457251 95.0 512.0 651.0 1166.0
P2582 0.442711 582.0 725.0 1022.0 1514.0
P2582 0.421219 946.0 712.0 1544.0 1450.0
P2582 0.378697 551.0 497.0 1022.0 1022.0
P2582 0.315841 787.0 269.0 1684.0 774.0
P2582 0.068368 1644.0 725.0 1696.0 860.0
P2582 0.061268 843.0 512.0 1366.0 755.0
P2582 0.060799 1061.0 761.0 1483.0 1022.0
P2587 0.573277 512.0 727.0 1359.0 1534.0
P2587 0.533356 1536.0 637.0 2253.0 1408.0
P2587 0.524597 143.0 622.0 1022.0 1022.0
P2587 0.391589 512.0 512.0 1440.0 922.0
P2587 0.343798 1537.0 526.0 1565.0 685.0
P2587 0.311605 1858.0 249.0 2543.0 1020.0
P2587 0.261939 1584.0 1040.0 2028.0 1365.0
P2587 0.252866 139.0 1040.0 1022.0 1582.0
P2587 0.225089 1024.0 879.0 1332.0 1534.0
P2587 0.211676 1504.0 405.0 2046.0 1022.0
P2587 0.161945 373.0 0.0 1022.0 486.0
P2587 0.140755 1977.0 1177.0 2478.0 1751.0
P2587 0.136345 1545.0 996.0 1743.0 1022.0
P2587 0.129733 1273.0 195.0 1527.0 568.0
P2587 0.068726 1024.0 507.0 1176.0 804.0
P2587 0.060751 1024.0 575.0 1326.0 1003.0
P2592 0.806558 1024.0 443.0 1258.0 976.0
P2592 0.729971 677.0 292.0 1310.0 1008.0
P2592 0.432441 1282.0 460.0 2053.0 902.0
P2592 0.372049 661.0 161.0 995.0 440.0
P2592 0.16474 759.0 457.0 1022.0 931.0
P2592 0.108992 676.0 916.0 978.0 1020.0
P2592 0.107348 367.0 1185.0 537.0 1334.0
P2592 0.088146 206.0 1267.0 344.0 1443.0
P2593 0.601984 179.0 677.0 482.0 948.0
P2593 0.406893 179.0 213.0 534.0 1022.0
P2593 0.352699 596.0 613.0 824.0 746.0
P2593 0.286475 525.0 149.0 980.0 657.0
P2593 0.206796 391.0 1102.0 587.0 1256.0
P2593 0.200219 477.0 1509.0 665.0 1655.0
P2593 0.084466 309.0 1119.0 421.0 1287.0
P2593 0.058832 862.0 180.0 1022.0 665.0
P2595 0.933966 564.0 648.0 966.0 921.0
P2595 0.375698 77.0 809.0 464.0 1513.0
P2595 0.297296 314.0 297.0 966.0 979.0
P2595 0.274814 625.0 820.0 949.0 949.0
P2595 0.1845 547.0 259.0 966.0 440.0
P2595 0.12836 77.0 892.0 395.0 1022.0
P2595 0.067215 541.0 512.0 631.0 903.0
P2595 0.065445 4.0 648.0 130.0 685.0
P2598 0.935027 1413.0 303.0 2046.0 577.0
P2598 0.84351 1417.0 1024.0 2068.0 1769.0
P2598 0.826289 1332.0 253.0 2103.0 1022.0
P2598 0.788304 1329.0 1024.0 1534.0 1726.0
P2598 0.654507 1355.0 234.0 1534.0 1022.0
P2598 0.643504 512.0 512.0 1468.0 876.0
P2598 0.290766 1358.0 514.0 2092.0 578.0
P2598 0.27113 1817.0 398.0 2052.0 1022.0
P2598 0.268263 1024.0 343.0 1330.0 938.0
P2598 0.241665 1360.0 1486.0 1953.0 1690.0
P2598 0.123217 1790.0 937.0 2026.0 1534.0
P2598 0.093579 683.0 155.0 1022.0 953.0
P2598 0.080708 1444.0 514.0 2046.0 729.0
P2598 0.067684 1989.0 1024.0 2041.0 1633.0
P2599 0.565644 648.0 185.0 1100.0 444.0
P2608 0.624051 1345.0 2003.0 1765.0 2368.0
P2608 0.413052 1381.0 2175.0 1534.0 2369.0
P2608 0.337417 1262.0 664.0 1634.0 981.0
P2608 0.296539 1194.0 1401.0 2011.0 1780.0
P2608 0.14369 374.0 756.0 959.0 1303.0
P2608 0.122241 1024.0 916.0 1904.0 1255.0
P2610 0.148663 1815.0 0.0 1835.0 94.0
P2610 0.09878 1503.0 1659.0 1794.0 1965.0
P2645 0.214247 3481.0 1024.0 3575.0 1312.0
P2645 0.098974 3524.0 1011.0 3582.0 1147.0
P2645 0.093588 3581.0 953.0 3711.0 1194.0
P2645 0.091993 3660.0 1536.0 3865.0 1648.0
P2645 0.087471 2515.0 2093.0 2552.0 2200.0
P2645 0.087273 1337.0 532.0 1534.0 1004.0
P2645 0.071812 2217.0 2048.0 2536.0 2139.0
P2645 0.058322 1024.0 2286.0 1139.0 2500.0
P2678 0.104987 812.0 1700.0 1093.0 2030.0
P2678 0.087087 2720.0 512.0 3052.0 834.0
P2689 0.066785 1732.0 2390.0 1986.0 2553.0
P2714 0.195767 3467.0 512.0 3780.0 617.0
P2718 0.068076 1541.0 0.0 1908.0 153.0
P2718 0.062972 1016.0 1348.0 1022.0 1375.0
P2721 0.149373 3515.0 902.0 3522.0 941.0
P2721 0.055648 3517.0 898.0 3539.0 939.0
P2724 0.133594 512.0 1024.0 620.0 1162.0
P2724 0.05258 354.0 1518.0 491.0 1697.0
P2726 0.137933 698.0 2233.0 1000.0 2555.0
P2726 0.078493 246.0 1024.0 584.0 1156.0
P2726 0.065017 523.0 512.0 799.0 1223.0
P2726 0.061739 13.0 2495.0 63.0 2558.0
P2726 0.055212 516.0 516.0 585.0 1201.0
P2733 0.544609 1628.0 1329.0 2168.0 1534.0
P2733 0.439603 1802.0 1646.0 2044.0 2046.0
P2733 0.249949 1803.0 1544.0 1943.0 1856.0
P2733 0.235337 1785.0 2142.0 2046.0 2558.0
P2733 0.097698 1638.0 1536.0 1877.0 1935.0
P2733 0.073521 955.0 512.0 1009.0 535.0
P2733 0.059775 1809.0 1386.0 2177.0 1764.0
P2733 0.054206 1807.0 1607.0 2245.0 2610.0
P2733 0.054151 1404.0 1679.0 1534.0 2285.0
P2733 0.05054 2096.0 1411.0 2474.0 1533.0
P2745 0.074689 869.0 663.0 1022.0 814.0
P2754 0.559196 1138.0 551.0 1913.0 1039.0
P2754 0.471595 1542.0 698.0 1863.0 1059.0
P2754 0.454325 2465.0 1239.0 2905.0 1504.0
P2754 0.119111 2828.0 1344.0 2947.0 1590.0
P2754 0.108348 2728.0 1345.0 2894.0 1521.0
P2754 0.096497 1255.0 1154.0 1534.0 1508.0
P2758 0.188759 5638.0 1.0 6051.0 137.0
P2758 0.129279 1886.0 177.0 2046.0 404.0
P2758 0.092406 2862.0 1362.0 3394.0 2029.0
P2758 0.060517 1702.0 1141.0 2005.0 1411.0
P2758 0.052791 5120.0 2560.0 5163.0 2726.0
P2758 0.05112 4567.0 2050.0 4606.0 2172.0
P2758 0.050983 3584.0 3974.0 3794.0 4094.0
P2766 0.305245 4645.0 117.0 5118.0 305.0
P2766 0.186379 4598.0 269.0 5230.0 422.0
P2766 0.097905 3631.0 4220.0 3834.0 4606.0
P2766 0.075178 3629.0 4400.0 3861.0 4868.0
P2768 0.781034 686.0 1795.0 902.0 2165.0
P2768 0.201723 437.0 1795.0 511.0 2046.0
P2768 0.065692 265.0 1801.0 569.0 2106.0
P2781 0.615791 2531.0 349.0 3358.0 1022.0
P2781 0.236713 2629.0 735.0 3070.0 1022.0
P2781 0.116676 2564.0 1024.0 3515.0 1407.0
P2781 0.092556 2545.0 512.0 2996.0 1519.0
P2791 0.151177 2560.0 3072.0 2785.0 3399.0
P2791 0.070079 2834.0 3298.0 3070.0 3709.0
P2791 0.057507 2048.0 5049.0 2136.0 5118.0
P2794 0.366258 1045.0 383.0 1854.0 781.0
P2794 0.324956 1064.0 361.0 1225.0 1022.0
P2794 0.154113 1565.0 512.0 1738.0 1266.0
P2794 0.081127 1057.0 1024.0 1250.0 1442.0
P2794 0.067119 1049.0 1024.0 1790.0 1330.0
P2794 0.061759 1536.0 387.0 1821.0 720.0
P2802 0.308873 4914.0 2048.0 5338.0 2408.0
P2802 0.302768 2048.0 1024.0 2355.0 1317.0
P2802 0.079603 3111.0 775.0 3378.0 1066.0
P2802 0.058896 4435.0 2718.0 4692.0 3147.0
P2802 0.054338 4677.0 1806.0 5617.0 2250.0
