P0161 0.101222 955.0 2002.0 986.0 2026.0
P0161 0.073578 970.0 2031.0 992.0 2046.0
P0161 0.053601 966.0 2036.0 989.0 2064.0
P0168 0.067504 1624.0 1125.0 1676.0 1197.0
P0168 0.054505 1653.0 951.0 1711.0 1003.0
P1179 0.072769 2146.0 1047.0 2215.0 1104.0
P1184 0.162161 1309.0 4146.0 1364.0 4202.0
P1384 0.058945 2060.0 1554.0 2086.0 1582.0
P1384 0.057906 2648.0 3045.0 2679.0 3070.0
P1390 0.057122 3254.0 2847.0 3335.0 2943.0
P1397 0.070261 7362.0 2442.0 7395.0 2467.0
P1398 0.053759 2300.0 773.0 2525.0 1022.0
P1429 0.059289 1726.0 1918.0 1989.0 2038.0
P2592 0.074503 373.0 1253.0 418.0 1290.0
P2689 0.073143 5221.0 1024.0 5270.0 1071.0
P2689 0.066828 5002.0 1143.0 5058.0 1201.0
P2802 0.139091 964.0 3587.0 1006.0 3610.0
P2802 0.097575 1235.0 3513.0 1272.0 3548.0
P2802 0.086559 1681.0 4515.0 1716.0 4548.0
P2802 0.068754 2461.0 3209.0 2494.0 3248.0
P2802 0.054314 700.0 4761.0 736.0 4796.0
