P0047 0.714139 275.0 512.0 464.0 710.0
P0047 0.484295 274.0 233.0 523.0 442.0
P0110 0.16565 2466.0 1050.0 2554.0 1282.0
P0123 0.786477 0.0 802.0 130.0 1014.0
P0130 0.212811 425.0 379.0 483.0 516.0
P0131 0.875988 358.0 425.0 593.0 925.0
P0131 0.14565 853.0 275.0 906.0 361.0
P0131 0.083513 921.0 276.0 974.0 369.0
P0143 0.730987 367.0 287.0 429.0 426.0
P0146 0.996622 1872.0 794.0 2243.0 1022.0
P0146 0.993626 1639.0 512.0 1970.0 814.0
P0146 0.993073 1804.0 860.0 2256.0 1263.0
P0146 0.971331 1904.0 512.0 2046.0 786.0
P0146 0.968707 1827.0 510.0 2362.0 787.0
P0146 0.655055 1536.0 871.0 1851.0 1216.0
P0146 0.630923 1867.0 861.0 2046.0 1107.0
P0146 0.489501 1535.0 512.0 2046.0 1300.0
P0146 0.480263 1799.0 1055.0 2045.0 1322.0
P0146 0.18386 1024.0 512.0 1410.0 768.0
P0146 0.173086 1582.0 854.0 1840.0 981.0
P0146 0.096696 1701.0 440.0 1976.0 634.0
P0175 0.424962 318.0 816.0 576.0 990.0
P0179 0.089083 1025.0 2961.0 1042.0 3124.0
P0179 0.079152 4518.0 4533.0 4590.0 4539.0
P0242 0.331431 4.0 130.0 207.0 300.0
P0257 0.05311 67.0 114.0 157.0 325.0
P0259 0.193497 703.0 1453.0 1302.0 1512.0
P0259 0.061724 702.0 1473.0 1022.0 1554.0
P0368 0.727154 145.0 699.0 664.0 1022.0
P0374 0.068212 1087.0 403.0 1302.0 715.0
P0382 0.876813 1018.0 870.0 1077.0 1170.0
P0385 0.904283 589.0 568.0 865.0 834.0
P0385 0.329127 9.0 724.0 349.0 883.0
P0396 0.056048 880.0 860.0 1073.0 1169.0
P0402 0.940521 426.0 565.0 622.0 851.0
P0402 0.40546 0.0 668.0 183.0 851.0
P0402 0.230311 140.0 645.0 514.0 845.0
P0402 0.123989 180.0 434.0 381.0 562.0
P0466 0.99274 812.0 0.0 1296.0 327.0
P0466 0.76715 768.0 0.0 1022.0 224.0
P0491 0.811133 1169.0 1402.0 1534.0 1752.0
P0491 0.454007 1052.0 906.0 1366.0 1214.0
P0491 0.350306 1553.0 512.0 1817.0 693.0
P0491 0.259416 1975.0 753.0 2278.0 1011.0
P0491 0.091947 1550.0 1203.0 2020.0 1534.0
P0491 0.088344 779.0 147.0 1022.0 567.0
P0659 0.138894 158.0 235.0 410.0 360.0
P0665 0.937445 345.0 512.0 791.0 866.0
P0665 0.822181 569.0 151.0 998.0 451.0
P0665 0.21613 435.0 110.0 953.0 900.0
P0665 0.202372 774.0 1160.0 993.0 1678.0
P0665 0.054497 684.0 932.0 945.0 1014.0
P0673 0.993685 605.0 0.0 1011.0 407.0
P0673 0.474163 713.0 478.0 975.0 902.0
P0673 0.397526 55.0 227.0 307.0 612.0
P0673 0.062575 93.0 133.0 118.0 247.0
P0764 0.064515 634.0 797.0 789.0 1022.0
P0770 0.966564 872.0 845.0 1330.0 1151.0
P0770 0.843645 850.0 802.0 1022.0 1047.0
P0770 0.603284 591.0 583.0 899.0 783.0
P0770 0.589148 518.0 532.0 740.0 734.0
P0770 0.416518 1056.0 896.0 1321.0 1017.0
P0770 0.188361 1209.0 999.0 1421.0 1216.0
P0770 0.089739 586.0 360.0 967.0 1004.0
P0770 0.053771 909.0 815.0 1451.0 963.0
P0770 0.051952 235.0 582.0 319.0 648.0
P0814 0.068342 973.0 137.0 1021.0 304.0
P0815 0.710528 3.0 4.0 67.0 296.0
P0815 0.251327 306.0 0.0 580.0 249.0
P0822 0.213096 83.0 241.0 194.0 413.0
P0833 0.060065 894.0 942.0 1315.0 1153.0
P0989 0.053076 95.0 515.0 250.0 534.0
P1009 0.118346 350.0 354.0 413.0 368.0
P1138 0.350201 837.0 482.0 1011.0 775.0
P1179 0.739859 1151.0 4672.0 1386.0 4897.0
P1179 0.339134 2364.0 1858.0 2586.0 2022.0
P1179 0.095639 2050.0 1546.0 2179.0 1688.0
P1184 0.936505 1047.0 1027.0 1248.0 1199.0
P1184 0.656219 795.0 5433.0 985.0 5630.0
P1184 0.057384 1036.0 656.0 1313.0 964.0
P1269 0.05123 3705.0 2654.0 3882.0 2798.0
P1273 0.078493 3072.0 18.0 3861.0 490.0
P1273 0.068585 3605.0 1458.0 3866.0 1811.0
P1273 0.066373 3083.0 86.0 3338.0 542.0
P1314 0.190436 1988.0 1.0 2036.0 16.0
P1314 0.094249 3504.0 1191.0 3580.0 1342.0
P1314 0.078096 3805.0 3768.0 3944.0 3966.0
P1314 0.068678 1951.0 0.0 2046.0 271.0
P1314 0.064724 1349.0 867.0 1527.0 1020.0
P1315 0.535838 3934.0 3442.0 3998.0 3721.0
P1315 0.200107 3762.0 3094.0 3991.0 3334.0
P1315 0.133113 3777.0 2712.0 3961.0 3033.0
P1315 0.086644 3508.0 2978.0 3571.0 2989.0
P1315 0.082056 764.0 1245.0 919.0 1307.0
P1315 0.072435 2934.0 2976.0 3066.0 3114.0
P1315 0.064982 3762.0 2977.0 3998.0 3067.0
P1315 0.061235 3939.0 2856.0 3998.0 2978.0
P1315 0.058569 733.0 1539.0 836.0 1628.0
P1323 0.557164 2302.0 1929.0 2497.0 2157.0
P1323 0.325277 369.0 1041.0 632.0 1197.0
P1323 0.238718 654.0 3816.0 1002.0 3995.0
P1323 0.211353 1863.0 3050.0 2019.0 3234.0
P1323 0.16491 3113.0 1540.0 3312.0 1694.0
P1323 0.150276 1612.0 1683.0 1817.0 1887.0
P1323 0.149464 2409.0 1863.0 2553.0 2028.0
P1323 0.136933 3026.0 2560.0 3069.0 2664.0
P1323 0.125523 2325.0 1946.0 2448.0 2046.0
P1323 0.124683 2756.0 2812.0 2968.0 3041.0
P1323 0.113329 166.0 3476.0 324.0 3581.0
P1323 0.10553 2574.0 2774.0 2821.0 3207.0
P1323 0.074288 1645.0 3823.0 1855.0 3998.0
P1323 0.061569 513.0 3921.0 653.0 3976.0
P1323 0.058863 3411.0 3948.0 3476.0 3991.0
P1323 0.055839 2456.0 3068.0 2551.0 3149.0
P1323 0.054173 512.0 2589.0 663.0 2760.0
P1323 0.052296 1461.0 2566.0 1534.0 2685.0
P1323 0.051222 2448.0 2201.0 2557.0 2443.0
P1371 0.349764 586.0 2049.0 646.0 2060.0
P1371 0.149344 3072.0 930.0 3130.0 983.0
P1371 0.081514 3491.0 2561.0 3549.0 2575.0
P1373 0.083252 69.0 612.0 298.0 841.0
P1376 0.310952 626.0 2792.0 951.0 3063.0
P1376 0.169351 2197.0 2433.0 2415.0 2589.0
P1376 0.13556 1636.0 2903.0 1958.0 3064.0
P1376 0.087527 3295.0 701.0 3582.0 1022.0
P1377 0.9833 571.0 68.0 915.0 506.0
P1377 0.585157 1024.0 56.0 1216.0 586.0
P1377 0.497049 2316.0 737.0 2539.0 917.0
P1377 0.192903 1990.0 512.0 2045.0 866.0
P1377 0.164124 2048.0 2001.0 2315.0 2370.0
P1377 0.133501 513.0 69.0 565.0 285.0
P1377 0.113768 1868.0 2732.0 2046.0 3070.0
P1377 0.071925 2777.0 2081.0 2971.0 2435.0
P1377 0.050095 908.0 51.0 1014.0 569.0
P1380 0.344037 3294.0 2533.0 3446.0 2696.0
P1384 0.991245 2048.0 797.0 2156.0 1005.0
P1384 0.987817 2050.0 590.0 2198.0 801.0
P1384 0.980103 1478.0 238.0 1532.0 434.0
P1384 0.928446 1540.0 253.0 1616.0 434.0
P1384 0.822224 2685.0 1898.0 2761.0 2028.0
P1384 0.267891 4610.0 4612.0 4772.0 4675.0
P1384 0.175939 4931.0 3078.0 5168.0 3303.0
P1384 0.07457 4102.0 3155.0 4341.0 3473.0
P1384 0.063425 3398.0 4096.0 3450.0 4104.0
P1384 0.055182 2657.0 3049.0 2681.0 3070.0
P1410 0.993932 4732.0 2048.0 5015.0 2366.0
P1410 0.987795 4320.0 1423.0 4563.0 1835.0
P1410 0.986578 4757.0 2477.0 5058.0 2882.0
P1410 0.986036 3309.0 4545.0 3594.0 4958.0
P1410 0.985514 4312.0 2048.0 4533.0 2313.0
P1410 0.983579 4178.0 2462.0 4470.0 2852.0
P1410 0.97242 4764.0 1942.0 4976.0 2036.0
P1410 0.971749 4467.0 2468.0 4758.0 2856.0
P1410 0.94708 4201.0 2464.0 4595.0 2545.0
P1410 0.796185 4322.0 1928.0 4529.0 2038.0
P1410 0.750842 4456.0 2608.0 4592.0 2855.0
P1410 0.727298 4321.0 1416.0 4571.0 1505.0
P1410 0.683144 4741.0 2467.0 5076.0 2538.0
P1410 0.676349 1024.0 512.0 1271.0 834.0
P1410 0.667117 1043.0 281.0 1497.0 712.0
P1410 0.659474 3751.0 4811.0 4075.0 5045.0
P1410 0.559571 3585.0 4776.0 3613.0 5045.0
P1410 0.494188 2977.0 4425.0 3142.0 4599.0
P1410 0.349389 1362.0 3747.0 1519.0 3896.0
P1410 0.342437 4467.0 2471.0 4902.0 2537.0
P1410 0.331254 853.0 512.0 1022.0 725.0
P1410 0.280988 4522.0 2466.0 4600.0 2550.0
P1410 0.191213 4328.0 2620.0 4481.0 2811.0
P1410 0.189101 1024.0 3840.0 1116.0 3958.0
P1410 0.188496 4173.0 1942.0 4775.0 2331.0
P1410 0.185753 3385.0 4528.0 3596.0 4600.0
P1410 0.169352 3330.0 4952.0 3589.0 5061.0
P1410 0.164584 2063.0 3584.0 2238.0 3618.0
P1410 0.139226 2092.0 4307.0 2256.0 4489.0
P1410 0.137051 3586.0 4479.0 3614.0 4859.0
P1410 0.132877 1211.0 3984.0 1358.0 4091.0
P1410 0.127856 3186.0 5245.0 3485.0 5727.0
P1410 0.124897 4109.0 4826.0 4279.0 5045.0
P1410 0.1195 4467.0 2493.0 4600.0 2651.0
P1410 0.113607 4572.0 2593.0 4604.0 2741.0
P1410 0.111757 3540.0 2048.0 3576.0 2381.0
P1410 0.098075 4314.0 2491.0 4427.0 2686.0
P1410 0.090573 5022.0 2560.0 5099.0 2900.0
P1410 0.083071 3587.0 4839.0 3607.0 4915.0
P1410 0.083065 1133.0 3594.0 1289.0 3743.0
P1410 0.072821 4792.0 1501.0 4935.0 1534.0
P1410 0.060913 2085.0 3151.0 2210.0 3317.0
P1410 0.05954 4122.0 1625.0 4184.0 1703.0
P1410 0.058992 4500.0 3764.0 4720.0 3878.0
P1410 0.056941 2122.0 4928.0 2205.0 4941.0
P1410 0.055118 1035.0 3324.0 1295.0 3567.0
P1410 0.0511 2100.0 4566.0 2386.0 4605.0
P1432 0.991087 2750.0 1407.0 2934.0 1532.0
P1432 0.915228 1587.0 912.0 1738.0 1152.0
P1432 0.86502 1752.0 1045.0 1866.0 1208.0
P1432 0.63186 1757.0 897.0 1866.0 992.0
P1432 0.285956 2775.0 1537.0 2950.0 1564.0
P1432 0.143261 141.0 2678.0 325.0 2946.0
P1440 0.763783 1265.0 621.0 1527.0 869.0
P1456 0.986692 491.0 763.0 987.0 1022.0
P1456 0.864668 2612.0 1227.0 3032.0 1534.0
P1456 0.861024 501.0 1024.0 1000.0 1321.0
P1456 0.421519 719.0 1650.0 902.0 1856.0
P1456 0.417802 512.0 1664.0 671.0 1846.0
P1456 0.306728 257.0 1667.0 417.0 1852.0
P1456 0.300267 2610.0 1024.0 3035.0 1290.0
P1456 0.265439 729.0 1488.0 984.0 1528.0
P1456 0.238081 845.0 1656.0 1012.0 1851.0
P1456 0.142824 2596.0 742.0 3070.0 973.0
P1456 0.134905 2838.0 1488.0 3065.0 1822.0
P1456 0.122924 605.0 1656.0 806.0 1845.0
P1456 0.06699 517.0 1488.0 755.0 1524.0
P1456 0.06378 512.0 1499.0 1005.0 1614.0
P1456 0.059657 533.0 679.0 814.0 1534.0
P1456 0.058744 338.0 1064.0 490.0 1252.0
P1456 0.054077 701.0 661.0 992.0 1534.0
P1463 0.967151 2188.0 2022.0 2554.0 2356.0
P1463 0.893692 2287.0 1637.0 2886.0 2046.0
P1463 0.608132 1561.0 1138.0 1824.0 1518.0
P1463 0.429204 1671.0 524.0 2022.0 766.0
P1463 0.397608 2560.0 2022.0 2751.0 2421.0
P1463 0.216992 990.0 1536.0 1523.0 1973.0
P1463 0.104615 1536.0 1037.0 1911.0 1245.0
P1463 0.092035 1254.0 1078.0 1534.0 1419.0
P1463 0.065911 630.0 1536.0 774.0 1666.0
P1463 0.061756 2372.0 1370.0 2527.0 1534.0
P1471 0.475643 4361.0 2869.0 4513.0 3064.0
P1471 0.29349 2217.0 1025.0 2531.0 1255.0
P1471 0.109513 2239.0 800.0 2479.0 1021.0
P1471 0.058049 1433.0 532.0 1798.0 609.0
P1471 0.05792 1417.0 513.0 1519.0 549.0
P1474 0.443174 1704.0 2416.0 1856.0 2642.0
P1474 0.086789 2457.0 3072.0 2500.0 3082.0
P1492 0.1521 734.0 1049.0 1022.0 1312.0
P1492 0.053531 576.0 503.0 726.0 946.0
P1508 0.107478 998.0 2970.0 1349.0 3324.0
P1508 0.07353 579.0 1672.0 1317.0 2020.0
P1529 0.05893 2895.0 3773.0 3033.0 3998.0
P1542 0.402417 516.0 18.0 792.0 364.0
P1542 0.055233 190.0 2.0 494.0 135.0
P1561 0.056106 3397.0 0.0 3582.0 54.0
P1566 0.107972 1615.0 1031.0 1816.0 1241.0
P1566 0.073033 2776.0 3002.0 2995.0 3216.0
P1570 0.130182 3762.0 3072.0 3988.0 3261.0
P1577 0.456625 3262.0 2734.0 3959.0 3070.0
P1579 0.079877 2595.0 2048.0 2946.0 2255.0
P1581 0.166772 3271.0 32.0 3791.0 322.0
P1581 0.12726 3014.0 0.0 3582.0 235.0
P1583 0.083089 3475.0 3597.0 3955.0 3781.0
P1584 0.104445 4159.0 512.0 4287.0 640.0
P1604 0.066899 2005.0 1554.0 2202.0 1746.0
P1610 0.540634 2987.0 3083.0 3443.0 3582.0
P1610 0.204973 2837.0 3910.0 3107.0 3998.0
P1619 0.866038 3.0 2560.0 387.0 2939.0
P1619 0.835339 1536.0 1536.0 1790.0 1864.0
P1619 0.737446 535.0 2048.0 876.0 2359.0
P1619 0.612931 0.0 3531.0 329.0 3993.0
P1619 0.610465 2603.0 2976.0 2998.0 3402.0
P1619 0.600726 1224.0 512.0 1528.0 583.0
P1619 0.58207 406.0 2976.0 786.0 3225.0
P1619 0.540751 2048.0 613.0 2355.0 1022.0
P1619 0.388075 30.0 2048.0 543.0 2284.0
P1619 0.366447 1536.0 900.0 1888.0 1263.0
P1619 0.342427 1781.0 6.0 2224.0 225.0
P1619 0.335241 142.0 1536.0 496.0 1778.0
P1619 0.318229 757.0 2976.0 1022.0 3195.0
P1619 0.299258 579.0 2560.0 943.0 2847.0
P1619 0.244539 1667.0 512.0 2030.0 778.0
P1619 0.225819 1620.0 512.0 2364.0 1100.0
P1619 0.171267 2048.0 227.0 2255.0 635.0
P1619 0.167431 805.0 1536.0 1013.0 1730.0
P1619 0.167063 1545.0 513.0 1668.0 567.0
P1619 0.161928 1295.0 903.0 1836.0 1022.0
P1619 0.156515 2527.0 2823.0 2994.0 3070.0
P1619 0.155248 1032.0 512.0 1213.0 583.0
P1619 0.143434 2052.0 2056.0 2396.0 2278.0
P1619 0.125242 1024.0 1608.0 1315.0 2034.0
P1619 0.119311 206.0 3599.0 556.0 3992.0
P1619 0.109896 2137.0 2882.0 2526.0 3070.0
P1619 0.088441 1650.0 37.0 2038.0 413.0
P1619 0.065292 264.0 2560.0 558.0 2992.0
P1619 0.0643 2091.0 2993.0 2485.0 3292.0
P1619 0.063096 1342.0 5.0 1700.0 253.0
P1619 0.054316 1552.0 1024.0 1770.0 1194.0
P1619 0.053411 512.0 3496.0 760.0 3893.0
P1623 0.454807 1537.0 514.0 2008.0 931.0
P1623 0.420968 2048.0 1024.0 2462.0 1495.0
P1623 0.292775 1185.0 1024.0 1519.0 1304.0
P1623 0.262448 2737.0 3538.0 2983.0 4094.0
P1623 0.207097 812.0 0.0 1022.0 185.0
P1623 0.142627 2779.0 3090.0 3029.0 3565.0
P1623 0.104572 0.0 0.0 220.0 296.0
P1623 0.07173 2048.0 8.0 2379.0 324.0
P1647 0.571633 1660.0 2976.0 1885.0 3068.0
P1647 0.050876 1859.0 2965.0 1917.0 3041.0
P1666 0.16164 2053.0 1108.0 2239.0 1639.0
P1666 0.06036 2056.0 2560.0 2222.0 2754.0
P1679 0.400318 1536.0 4366.0 2549.0 4813.0
P1679 0.362287 1563.0 4215.0 1830.0 4606.0
P1679 0.321647 2979.0 4369.0 3299.0 4630.0
P1679 0.156713 1542.0 4501.0 1886.0 4890.0
P1679 0.110838 3218.0 4216.0 3569.0 4565.0
P1679 0.066011 2136.0 4483.0 2543.0 4770.0
P1679 0.06352 2569.0 4405.0 3008.0 4602.0
P1720 0.494459 3787.0 512.0 3987.0 1002.0
P1720 0.437123 1155.0 325.0 1532.0 644.0
P1720 0.282911 1700.0 4.0 2046.0 250.0
P1720 0.198839 3564.0 2048.0 3998.0 2335.0
P1720 0.18854 1717.0 2560.0 2006.0 2950.0
P1720 0.064455 392.0 545.0 732.0 717.0
P1720 0.060755 521.0 1029.0 784.0 1229.0
P1738 0.063502 2992.0 1536.0 3366.0 1790.0
P1749 0.4337 515.0 2230.0 944.0 2540.0
P1749 0.275161 3106.0 2169.0 3428.0 2487.0
P1754 0.092146 3375.0 512.0 3498.0 562.0
P1786 0.987758 522.0 2754.0 834.0 3278.0
P1786 0.152549 2920.0 2348.0 3048.0 2506.0
P1786 0.066757 2802.0 2003.0 2917.0 2145.0
P1786 0.063908 2746.0 2318.0 2858.0 2446.0
P1786 0.063352 1345.0 1024.0 1534.0 1276.0
P1809 0.538252 1804.0 2380.0 1931.0 2531.0
P1809 0.139338 1405.0 2571.0 1653.0 2762.0
P1854 0.949183 5204.0 4093.0 5618.0 4244.0
P1854 0.877058 2760.0 4090.0 3053.0 4255.0
P1854 0.795098 1225.0 133.0 1491.0 304.0
P1854 0.588803 3592.0 4084.0 3853.0 4272.0
P1854 0.53098 4375.0 4081.0 5078.0 4253.0
P1854 0.299627 3072.0 4084.0 3632.0 4254.0
P1854 0.095746 5011.0 2982.0 5118.0 3183.0
P1854 0.084168 5401.0 3072.0 5618.0 3159.0
P1854 0.070603 3126.0 1537.0 3297.0 1553.0
P1854 0.053943 4390.0 4096.0 4590.0 4260.0
P1878 0.052384 277.0 35.0 319.0 44.0
P1903 0.993988 1066.0 295.0 1395.0 513.0
P1903 0.969941 512.0 273.0 922.0 511.0
P1903 0.14087 392.0 286.0 679.0 476.0
P1903 0.05727 1483.0 264.0 1521.0 534.0
P1950 0.685208 0.0 456.0 127.0 547.0
P1960 0.188753 487.0 42.0 658.0 234.0
P2011 0.904137 191.0 362.0 410.0 825.0
P2012 0.975274 212.0 57.0 338.0 108.0
P2012 0.054549 21.0 287.0 63.0 326.0
P2085 0.181258 483.0 97.0 614.0 335.0
P2085 0.057406 641.0 114.0 770.0 355.0
P2129 0.972422 478.0 91.0 839.0 392.0
P2129 0.077013 618.0 417.0 790.0 553.0
P2166 0.387051 711.0 335.0 994.0 770.0
P2166 0.12719 233.0 531.0 572.0 765.0
P2166 0.118595 255.0 191.0 404.0 294.0
P2166 0.062496 364.0 187.0 418.0 290.0
P2167 0.51205 889.0 777.0 1202.0 1022.0
P2168 0.15111 226.0 161.0 534.0 451.0
P2168 0.130522 931.0 946.0 964.0 997.0
P2168 0.130274 1190.0 536.0 1534.0 797.0
P2168 0.124994 512.0 254.0 601.0 457.0
P2168 0.079551 945.0 923.0 1157.0 1000.0
P2168 0.062868 940.0 808.0 1016.0 893.0
P2181 0.456259 1042.0 1789.0 1422.0 2040.0
P2181 0.443175 809.0 1410.0 1015.0 1624.0
P2181 0.357845 520.0 1413.0 759.0 1646.0
P2181 0.328941 82.0 1418.0 451.0 1749.0
P2181 0.196304 1248.0 1041.0 1523.0 1375.0
P2194 0.991338 123.0 1272.0 342.0 1534.0
P2194 0.984232 696.0 1396.0 910.0 1808.0
P2194 0.955712 1443.0 1562.0 1525.0 1933.0
P2194 0.936993 710.0 1396.0 907.0 1519.0
P2194 0.067511 1499.0 1660.0 1531.0 1834.0
P2194 0.05091 1468.0 1580.0 1534.0 1642.0
P2197 0.973934 660.0 883.0 836.0 1240.0
P2197 0.945224 1448.0 1058.0 1526.0 1442.0
P2197 0.852579 731.0 213.0 905.0 495.0
P2197 0.490094 708.0 512.0 896.0 645.0
P2197 0.275661 416.0 533.0 638.0 712.0
P2197 0.193385 673.0 954.0 839.0 1016.0
P2197 0.120416 662.0 1015.0 821.0 1100.0
P2197 0.066949 1818.0 981.0 2179.0 1021.0
P2241 0.278089 124.0 192.0 200.0 266.0
P2241 0.088528 145.0 475.0 255.0 600.0
P2255 0.051619 621.0 524.0 690.0 593.0
P2271 0.652983 1201.0 1047.0 1534.0 1384.0
P2271 0.436854 5946.0 115.0 6333.0 367.0
P2271 0.318563 3993.0 1350.0 4305.0 1533.0
P2271 0.221215 2214.0 515.0 2543.0 579.0
P2271 0.215281 1555.0 609.0 1814.0 984.0
P2271 0.214956 4019.0 1325.0 4087.0 1485.0
P2271 0.213032 3001.0 481.0 3547.0 626.0
P2271 0.175396 1034.0 1229.0 1339.0 1530.0
P2271 0.174903 3717.0 697.0 3799.0 935.0
P2271 0.142997 3488.0 464.0 4052.0 607.0
P2271 0.115441 5126.0 1449.0 5286.0 1517.0
P2271 0.104754 1599.0 442.0 2046.0 636.0
P2271 0.090208 1236.0 688.0 1525.0 976.0
P2271 0.079682 3376.0 1538.0 3546.0 1558.0
P2271 0.057986 4107.0 457.0 4500.0 633.0
P2271 0.054802 4658.0 518.0 5118.0 609.0
P2271 0.050673 2508.0 2048.0 2554.0 2060.0
P2330 0.180672 5052.0 2931.0 5115.0 3070.0
P2330 0.123653 7877.0 2390.0 8033.0 2557.0
P2330 0.0582 512.0 32.0 522.0 65.0
P2331 0.263226 2728.0 553.0 3054.0 760.0
P2331 0.154206 2048.0 474.0 2071.0 586.0
P2331 0.061559 1733.0 512.0 1979.0 608.0
P2365 0.944438 579.0 130.0 963.0 345.0
P2365 0.908274 1597.0 11.0 1834.0 217.0
P2365 0.870564 248.0 135.0 501.0 335.0
P2365 0.866742 170.0 1037.0 505.0 1328.0
P2365 0.842701 0.0 522.0 174.0 829.0
P2365 0.755403 1028.0 551.0 1284.0 865.0
P2365 0.516542 1057.0 359.0 1508.0 595.0
P2365 0.499098 1829.0 1686.0 2304.0 2325.0
P2365 0.35874 796.0 536.0 1008.0 831.0
P2365 0.300994 1817.0 1779.0 2046.0 2046.0
P2365 0.296915 580.0 1641.0 966.0 2043.0
P2365 0.214869 1811.0 0.0 1838.0 230.0
P2365 0.209662 632.0 352.0 919.0 507.0
P2365 0.158977 1343.0 2182.0 1523.0 2323.0
P2365 0.119871 1128.0 4.0 1416.0 118.0
P2365 0.117622 980.0 565.0 1019.0 825.0
P2365 0.096694 2121.0 1.0 2380.0 131.0
P2374 0.190208 1481.0 762.0 1531.0 815.0
P2375 0.452325 762.0 496.0 924.0 663.0
P2393 0.075533 2020.0 748.0 2096.0 1034.0
P2404 0.876837 1584.0 2049.0 2046.0 2289.0
P2404 0.166304 2164.0 2048.0 2338.0 2239.0
P2404 0.090806 4035.0 3091.0 4093.0 3101.0
P2408 0.435788 1193.0 1820.0 1307.0 1988.0
P2408 0.20691 730.0 254.0 1015.0 524.0
P2408 0.129449 1292.0 1025.0 1332.0 1040.0
P2408 0.113657 1276.0 2052.0 1356.0 2141.0
P2408 0.065072 1817.0 4.0 1995.0 277.0
P2420 0.344612 1008.0 521.0 1209.0 740.0
P2420 0.129749 407.0 513.0 452.0 528.0
P2429 0.094695 1420.0 1796.0 1534.0 2015.0
P2429 0.064685 678.0 1536.0 741.0 1547.0
P2446 0.637142 1530.0 1849.0 1957.0 2023.0
P2446 0.203334 0.0 663.0 363.0 902.0
P2449 0.245958 529.0 57.0 780.0 371.0
P2449 0.097659 0.0 2039.0 85.0 2125.0
P2450 0.209122 1209.0 1258.0 1639.0 1460.0
P2455 0.206801 962.0 1858.0 1163.0 2046.0
P2455 0.102796 848.0 2025.0 909.0 2209.0
P2455 0.065744 1323.0 1739.0 1534.0 2037.0
P2455 0.062742 970.0 1859.0 1022.0 2045.0
P2455 0.052586 514.0 736.0 634.0 967.0
P2462 0.355881 34.0 1024.0 344.0 1270.0
P2462 0.292129 15.0 1179.0 252.0 1563.0
P2462 0.170144 890.0 0.0 1234.0 217.0
P2462 0.08666 1243.0 0.0 1467.0 137.0
P2477 0.941856 613.0 1568.0 904.0 1825.0
P2477 0.892027 922.0 1133.0 1134.0 1324.0
P2477 0.859036 1437.0 1142.0 1603.0 1340.0
P2477 0.83668 903.0 1850.0 1014.0 2043.0
P2477 0.735299 104.0 1853.0 350.0 2061.0
P2477 0.606258 643.0 2085.0 845.0 2130.0
P2477 0.552583 367.0 1910.0 539.0 2133.0
P2477 0.551815 134.0 1692.0 350.0 1798.0
P2477 0.504568 633.0 2055.0 852.0 2104.0
P2477 0.500657 512.0 1226.0 613.0 1413.0
P2477 0.480598 116.0 646.0 495.0 935.0
P2477 0.464345 1178.0 898.0 1403.0 1086.0
P2477 0.378094 384.0 1238.0 561.0 1423.0
P2477 0.321905 1424.0 943.0 1525.0 1148.0
P2477 0.308948 1192.0 1334.0 1400.0 1522.0
P2477 0.295377 1207.0 1192.0 1401.0 1280.0
P2477 0.277957 633.0 1143.0 888.0 1349.0
P2477 0.274675 1435.0 1358.0 1530.0 1574.0
P2477 0.207992 1166.0 68.0 1430.0 505.0
P2477 0.192679 1526.0 409.0 1619.0 614.0
P2477 0.183083 630.0 1989.0 872.0 2038.0
P2477 0.181446 512.0 1883.0 590.0 2012.0
P2477 0.168318 919.0 942.0 1003.0 1320.0
P2477 0.163053 643.0 1302.0 887.0 1475.0
P2477 0.161796 124.0 512.0 409.0 556.0
P2477 0.15343 934.0 2011.0 1126.0 2131.0
P2477 0.112721 1206.0 1024.0 1400.0 1085.0
P2477 0.107651 5.0 1813.0 114.0 2038.0
P2477 0.098337 629.0 1087.0 963.0 1911.0
P2477 0.086479 181.0 1436.0 321.0 1534.0
P2477 0.084172 887.0 949.0 1160.0 1021.0
P2477 0.079342 579.0 963.0 1466.0 1415.0
P2477 0.07742 1569.0 512.0 1621.0 524.0
P2477 0.074058 1429.0 1113.0 1527.0 1134.0
P2477 0.068892 1446.0 1115.0 1608.0 1152.0
P2477 0.066898 600.0 1834.0 901.0 2023.0
P2477 0.062138 1458.0 1046.0 1614.0 1108.0
P2477 0.061135 604.0 6.0 663.0 150.0
P2477 0.059918 976.0 1510.0 1019.0 1773.0
P2477 0.058986 718.0 29.0 1008.0 337.0
P2478 0.814699 1567.0 1095.0 1749.0 1349.0
P2478 0.694906 1010.0 366.0 1227.0 602.0
P2478 0.518361 1081.0 131.0 1518.0 370.0
P2478 0.426455 1418.0 681.0 1659.0 974.0
P2478 0.376533 520.0 317.0 809.0 514.0
P2478 0.260536 301.0 1158.0 486.0 1376.0
P2478 0.170316 279.0 1543.0 470.0 1604.0
P2478 0.147478 537.0 1132.0 773.0 1375.0
P2478 0.139452 1.0 374.0 75.0 546.0
P2478 0.092374 2.0 632.0 19.0 729.0
P2478 0.076909 2.0 610.0 26.0 651.0
P2478 0.076052 1193.0 599.0 1273.0 612.0
P2478 0.072629 1139.0 687.0 1447.0 879.0
P2478 0.072525 1113.0 1.0 1317.0 99.0
P2478 0.058953 1326.0 599.0 1406.0 611.0
P2481 0.955808 245.0 1543.0 652.0 2043.0
P2481 0.836541 541.0 14.0 883.0 354.0
P2481 0.807622 1030.0 324.0 1349.0 552.0
P2481 0.622726 1211.0 2120.0 1503.0 2388.0
P2481 0.620676 686.0 1511.0 1102.0 1906.0
P2481 0.538764 512.0 1696.0 665.0 2029.0
P2481 0.283374 1432.0 1497.0 1518.0 1505.0
P2481 0.241882 1033.0 1532.0 1167.0 1915.0
P2481 0.23366 512.0 513.0 1116.0 596.0
P2481 0.232988 809.0 811.0 986.0 1016.0
P2481 0.149622 924.0 1072.0 1240.0 1323.0
P2481 0.125455 1320.0 1057.0 1562.0 1397.0
P2481 0.095853 920.0 1088.0 1017.0 1324.0
P2481 0.080139 1025.0 494.0 1034.0 575.0
P2481 0.079481 1378.0 1495.0 1525.0 2038.0
P2481 0.063464 518.0 330.0 1109.0 569.0
P2481 0.062034 1414.0 1498.0 1590.0 1514.0
P2481 0.054578 539.0 2156.0 801.0 2515.0
P2488 0.79306 24.0 476.0 298.0 808.0
P2488 0.599919 517.0 524.0 593.0 771.0
P2488 0.272231 290.0 536.0 590.0 688.0
P2488 0.209608 2058.0 1036.0 2316.0 1221.0
P2488 0.128788 21.0 1505.0 463.0 2144.0
P2488 0.110149 47.0 856.0 334.0 995.0
P2488 0.056355 0.0 515.0 276.0 558.0
P2502 0.916918 561.0 377.0 693.0 567.0
P2502 0.14429 409.0 1737.0 566.0 1830.0
P2502 0.099439 514.0 1752.0 573.0 1829.0
P2502 0.06532 590.0 1828.0 706.0 1893.0
P2504 0.251252 1129.0 456.0 1226.0 605.0
P2504 0.19086 751.0 1063.0 1022.0 1353.0
P2504 0.177729 1302.0 348.0 1380.0 484.0
P2504 0.066671 1507.0 1162.0 1618.0 1376.0
P2541 0.873293 1024.0 1536.0 1249.0 1716.0
P2541 0.078453 875.0 253.0 1017.0 476.0
P2542 0.453724 1632.0 23.0 1986.0 213.0
P2547 0.987386 824.0 1823.0 943.0 1908.0
P2547 0.258882 2542.0 924.0 2755.0 1019.0
P2547 0.106827 2048.0 1049.0 2191.0 1352.0
P2547 0.098374 2707.0 1203.0 2743.0 1431.0
P2547 0.092822 516.0 1956.0 636.0 2327.0
P2547 0.070642 2748.0 1157.0 3144.0 1381.0
P2563 0.995717 512.0 375.0 839.0 783.0
P2563 0.991899 1319.0 112.0 1767.0 419.0
P2563 0.929187 1019.0 171.0 1282.0 346.0
P2563 0.859948 15.0 1.0 495.0 167.0
P2563 0.849419 1291.0 168.0 1482.0 432.0
P2563 0.637502 518.0 145.0 799.0 260.0
P2563 0.449181 1150.0 420.0 1328.0 534.0
P2563 0.413248 1405.0 150.0 1534.0 417.0
P2563 0.152107 180.0 204.0 924.0 857.0
P2563 0.132772 1493.0 145.0 1530.0 406.0
P2563 0.05637 258.0 481.0 514.0 803.0
P2570 0.998342 775.0 463.0 1023.0 782.0
P2570 0.998224 537.0 62.0 985.0 412.0
P2570 0.997757 671.0 805.0 1106.0 1113.0
P2570 0.993041 1363.0 419.0 1685.0 968.0
P2570 0.962677 1038.0 458.0 1277.0 753.0
P2570 0.938663 879.0 78.0 1004.0 368.0
P2570 0.867077 521.0 125.0 654.0 389.0
P2570 0.689336 1183.0 896.0 1308.0 1060.0
P2570 0.676352 1022.0 846.0 1134.0 1088.0
P2570 0.618449 521.0 488.0 752.0 782.0
P2570 0.61545 657.0 871.0 777.0 1141.0
P2570 0.492947 72.0 453.0 443.0 762.0
P2570 0.387562 1346.0 491.0 1517.0 767.0
P2570 0.276993 775.0 125.0 900.0 364.0
P2570 0.128084 775.0 838.0 906.0 1017.0
P2570 0.120779 1099.0 442.0 1530.0 905.0
P2570 0.119836 784.0 659.0 1069.0 983.0
P2570 0.117579 1384.0 693.0 1523.0 927.0
P2570 0.101394 192.0 441.0 1022.0 899.0
P2580 0.986146 236.0 210.0 556.0 766.0
P2580 0.941584 399.0 763.0 764.0 996.0
P2580 0.659401 302.0 908.0 570.0 1073.0
P2580 0.296499 515.0 1080.0 628.0 1204.0
P2580 0.168145 377.0 1347.0 462.0 1526.0
P2580 0.064557 112.0 636.0 201.0 762.0
P2580 0.052391 399.0 1469.0 489.0 1670.0
P2582 0.993098 1248.0 512.0 1585.0 840.0
P2582 0.992658 1122.0 830.0 1418.0 1011.0
P2582 0.991921 646.0 736.0 1020.0 1109.0
P2582 0.990594 176.0 512.0 542.0 954.0
P2582 0.990304 984.0 326.0 1337.0 736.0
P2582 0.986121 1035.0 820.0 1402.0 1275.0
P2582 0.923055 1256.0 725.0 1505.0 852.0
P2582 0.488531 679.0 1003.0 903.0 1176.0
P2582 0.401156 596.0 541.0 1468.0 1022.0
P2582 0.243165 960.0 560.0 1021.0 695.0
P2582 0.214866 1326.0 448.0 1621.0 574.0
P2582 0.169486 756.0 670.0 1005.0 829.0
P2582 0.160338 1647.0 732.0 1695.0 850.0
P2582 0.146474 281.0 454.0 600.0 643.0
P2582 0.13595 1016.0 1088.0 1296.0 1286.0
P2582 0.116495 155.0 764.0 438.0 982.0
P2582 0.051541 994.0 513.0 1293.0 595.0
P2587 0.985712 274.0 1040.0 688.0 1398.0
P2587 0.971946 573.0 1024.0 1022.0 1530.0
P2587 0.969349 1630.0 1024.0 1991.0 1295.0
P2587 0.966137 844.0 1024.0 1247.0 1614.0
P2587 0.946873 512.0 857.0 949.0 1022.0
P2587 0.931502 1858.0 342.0 2433.0 864.0
P2587 0.830608 1543.0 526.0 2027.0 1353.0
P2587 0.502121 1858.0 739.0 2147.0 1137.0
P2587 0.307546 1500.0 744.0 1877.0 1003.0
P2587 0.270462 338.0 843.0 969.0 1255.0
P2587 0.211132 1988.0 512.0 2401.0 716.0
P2587 0.205974 841.0 558.0 1021.0 737.0
P2587 0.198948 380.0 822.0 561.0 1022.0
P2587 0.112101 1299.0 202.0 1508.0 523.0
P2587 0.093286 527.0 762.0 757.0 1423.0
P2587 0.075335 2439.0 894.0 2558.0 1022.0
P2587 0.057817 1032.0 577.0 1183.0 829.0
P2587 0.052993 1028.0 1265.0 1203.0 1612.0
P2587 0.050377 2059.0 1267.0 2425.0 1665.0
P2592 0.976231 1461.0 544.0 2049.0 886.0
P2592 0.974865 715.0 443.0 1233.0 821.0
P2592 0.766466 1823.0 503.0 2036.0 756.0
P2592 0.745696 1380.0 699.0 1526.0 876.0
P2592 0.498585 1037.0 329.0 1205.0 848.0
P2592 0.462602 138.0 1293.0 330.0 1439.0
P2592 0.25822 915.0 634.0 1209.0 925.0
P2592 0.248594 315.0 1207.0 456.0 1341.0
P2592 0.212805 1480.0 644.0 1708.0 906.0
P2592 0.175143 689.0 1066.0 783.0 1211.0
P2592 0.157357 703.0 280.0 1006.0 529.0
P2592 0.051238 745.0 938.0 855.0 1010.0
P2593 0.978855 580.0 169.0 838.0 558.0
P2593 0.552872 619.0 600.0 797.0 722.0
P2593 0.335579 481.0 1509.0 641.0 1617.0
P2593 0.326935 900.0 381.0 1022.0 557.0
P2593 0.181018 405.0 1107.0 559.0 1231.0
P2593 0.180369 188.0 677.0 450.0 896.0
P2593 0.132832 321.0 1147.0 412.0 1270.0
P2593 0.111159 671.0 515.0 813.0 553.0
P2593 0.091362 587.0 152.0 802.0 249.0
P2593 0.065763 434.0 1385.0 528.0 1497.0
P2595 0.988689 128.0 967.0 398.0 1363.0
P2595 0.974795 610.0 652.0 937.0 821.0
P2595 0.94453 110.0 934.0 390.0 1017.0
P2595 0.223523 903.0 512.0 954.0 814.0
P2595 0.18572 8.0 649.0 126.0 679.0
P2595 0.144567 157.0 1238.0 422.0 1357.0
P2595 0.128728 73.0 1508.0 324.0 1664.0
P2595 0.062954 335.0 336.0 392.0 429.0
P2598 0.99642 715.0 333.0 1022.0 835.0
P2598 0.985034 1336.0 669.0 2081.0 993.0
P2598 0.980972 1374.0 1033.0 1529.0 1440.0
P2598 0.978822 1378.0 1031.0 2036.0 1364.0
P2598 0.975104 1386.0 471.0 1534.0 1022.0
P2598 0.856947 631.0 405.0 772.0 700.0
P2598 0.846614 1041.0 372.0 1282.0 804.0
P2598 0.834986 1480.0 563.0 2017.0 748.0
P2598 0.786854 1024.0 402.0 1100.0 763.0
P2598 0.692087 1845.0 546.0 2019.0 1022.0
P2598 0.67663 1799.0 1032.0 1999.0 1519.0
P2598 0.259279 1159.0 512.0 1239.0 817.0
P2598 0.222249 1505.0 1317.0 1529.0 1459.0
P2598 0.129549 1476.0 1262.0 2007.0 1477.0
P2598 0.097582 595.0 535.0 674.0 754.0
P2598 0.087491 1377.0 607.0 1677.0 1366.0
P2598 0.077631 1490.0 1063.0 1530.0 1368.0
P2598 0.066661 467.0 1683.0 688.0 1773.0
P2598 0.060226 1393.0 532.0 2028.0 600.0
P2598 0.056114 1671.0 641.0 2063.0 1490.0
P2598 0.055385 1433.0 267.0 2014.0 838.0
P2598 0.054541 2009.0 1030.0 2040.0 1398.0
P2598 0.050598 1713.0 1513.0 1892.0 1531.0
P2599 0.676064 719.0 212.0 1002.0 410.0
P2608 0.630245 1383.0 2124.0 1534.0 2346.0
P2608 0.078887 1297.0 787.0 1528.0 940.0
P2610 0.069515 819.0 1036.0 866.0 1336.0
P2645 0.377564 1339.0 687.0 1534.0 911.0
P2701 0.359973 2241.0 2337.0 2465.0 2520.0
P2714 0.116176 2935.0 1026.0 3011.0 1039.0
P2714 0.067171 2049.0 860.0 2066.0 997.0
P2721 0.430803 247.0 1447.0 451.0 1541.0
P2722 0.063059 3549.0 1468.0 3580.0 1532.0
P2724 0.209293 4178.0 1054.0 4272.0 1244.0
P2724 0.173827 512.0 1459.0 716.0 1620.0
P2724 0.101022 373.0 1538.0 469.0 1671.0
P2724 0.082326 1344.0 513.0 1392.0 524.0
P2726 0.754653 512.0 525.0 559.0 759.0
P2726 0.3907 264.0 1030.0 527.0 1123.0
P2726 0.350425 577.0 790.0 784.0 1022.0
P2726 0.339328 575.0 1024.0 818.0 1183.0
P2726 0.144361 516.0 516.0 590.0 1208.0
P2726 0.114027 774.0 1024.0 1022.0 1287.0
P2726 0.099031 1962.0 1978.0 2074.0 2037.0
P2726 0.058013 251.0 518.0 548.0 672.0
P2726 0.054559 29.0 1029.0 204.0 1075.0
P2726 0.051625 538.0 522.0 796.0 1198.0
P2726 0.050945 681.0 2235.0 1000.0 2493.0
P2733 0.065948 1499.0 1536.0 1532.0 1722.0
P2745 0.097685 274.0 512.0 305.0 526.0
P2754 0.884735 1243.0 634.0 1534.0 938.0
P2754 0.835147 1539.0 696.0 1818.0 1018.0
P2754 0.517702 1317.0 1192.0 1518.0 1436.0
P2754 0.449811 2684.0 1048.0 2772.0 1127.0
P2754 0.296587 2496.0 1257.0 2850.0 1462.0
P2754 0.189175 2752.0 1371.0 2852.0 1487.0
P2754 0.108915 1537.0 1713.0 1562.0 1779.0
P2754 0.095921 1481.0 1695.0 1577.0 1795.0
P2754 0.085154 2665.0 1010.0 2825.0 1158.0
P2754 0.064883 1100.0 523.0 1279.0 669.0
P2754 0.061613 1548.0 3457.0 1834.0 3576.0
P2758 0.365868 4426.0 1024.0 4595.0 1216.0
P2758 0.242302 1880.0 193.0 2091.0 369.0
P2758 0.23608 5677.0 32.0 6004.0 107.0
P2758 0.142868 6146.0 2560.0 6189.0 2579.0
P2758 0.074436 5120.0 2195.0 5262.0 2343.0
P2758 0.073808 3395.0 512.0 3578.0 668.0
P2758 0.067549 2564.0 926.0 2663.0 1017.0
P2766 0.52895 3651.0 4311.0 3825.0 4820.0
P2766 0.175224 4104.0 3586.0 4184.0 3604.0
P2766 0.150084 1430.0 1028.0 1515.0 1045.0
P2766 0.137418 4686.0 512.0 4764.0 522.0
P2766 0.11736 2560.0 2089.0 2585.0 2196.0
P2766 0.062398 1430.0 1026.0 1464.0 1040.0
P2766 0.055902 4652.0 153.0 5111.0 270.0
P2768 0.924793 724.0 1828.0 870.0 2095.0
P2768 0.2281 299.0 1840.0 514.0 2051.0
P2768 0.146944 440.0 1858.0 506.0 2038.0
P2781 0.854658 2604.0 383.0 3069.0 1022.0
P2781 0.480728 2706.0 734.0 3290.0 1008.0
P2781 0.210107 2934.0 1036.0 3371.0 1290.0
P2781 0.085188 2592.0 643.0 3453.0 1293.0
P2791 0.17533 2869.0 3330.0 3067.0 3581.0
P2802 0.062064 4958.0 2100.0 5300.0 2364.0
