P0104 0.529764 216.0 125.0 254.0 159.0
P0161 0.737405 1640.0 401.0 1668.0 428.0
P0331 0.297045 1004.0 1590.0 1021.0 1631.0
P0414 0.085486 406.0 62.0 485.0 120.0
P0660 0.623791 620.0 693.0 680.0 748.0
P0683 0.466249 1998.0 364.0 2023.0 394.0
P0683 0.083865 1977.0 289.0 2014.0 331.0
P0815 0.147228 21.0 316.0 49.0 342.0
P0882 0.503269 387.0 1025.0 425.0 1053.0
P0929 0.061429 344.0 4362.0 380.0 4401.0
P1065 0.352809 517.0 2233.0 580.0 2301.0
P1075 0.296068 976.0 1783.0 1004.0 1811.0
P1090 0.069381 1893.0 1292.0 1941.0 1347.0
P1122 0.116147 6860.0 183.0 6896.0 198.0
P1178 0.925301 3731.0 3520.0 3774.0 3563.0
P1178 0.738891 4067.0 3391.0 4116.0 3440.0
P1178 0.596291 3967.0 3370.0 4013.0 3417.0
P1178 0.437255 84.0 390.0 156.0 476.0
P1179 0.987348 4257.0 1734.0 4386.0 1874.0
P1179 0.965031 4097.0 2123.0 4134.0 2184.0
P1179 0.945201 4186.0 2353.0 4231.0 2396.0
P1179 0.896586 4020.0 1985.0 4067.0 2032.0
P1179 0.65299 3928.0 2027.0 3970.0 2071.0
P1179 0.260661 4076.0 2130.0 4092.0 2175.0
P1179 0.232528 4260.0 2321.0 4304.0 2366.0
P1179 0.211462 3966.0 2123.0 4013.0 2167.0
P1179 0.102076 2564.0 4016.0 2598.0 4062.0
P1179 0.078814 3784.0 2771.0 3876.0 2857.0
P1184 0.657486 1780.0 4008.0 1848.0 4075.0
P1184 0.520304 1762.0 4151.0 1812.0 4191.0
P1184 0.481501 1629.0 1976.0 1652.0 2001.0
P1210 0.063963 711.0 538.0 755.0 585.0
P1234 0.998352 1279.0 3433.0 1322.0 3473.0
P1234 0.997852 3582.0 3880.0 3633.0 3934.0
P1234 0.997517 3567.0 3944.0 3623.0 3994.0
P1234 0.997395 3352.0 3862.0 3404.0 3912.0
P1234 0.996842 1231.0 3412.0 1271.0 3450.0
P1234 0.995771 3419.0 3873.0 3471.0 3926.0
P1234 0.994976 3259.0 3839.0 3310.0 3892.0
P1234 0.994333 3187.0 3825.0 3238.0 3875.0
P1234 0.99379 3519.0 3868.0 3568.0 3919.0
P1234 0.99372 3244.0 3909.0 3295.0 3959.0
P1234 0.993019 3646.0 3897.0 3701.0 3947.0
P1234 0.992577 3503.0 3932.0 3556.0 3982.0
P1234 0.992562 3667.0 3008.0 3710.0 3045.0
P1234 0.991739 3403.0 3937.0 3459.0 3988.0
P1234 0.988796 3632.0 3957.0 3687.0 3997.0
P1234 0.986464 3566.0 3952.0 3582.0 3991.0
P1234 0.98544 3753.0 3917.0 3813.0 3972.0
P1234 0.984402 3338.0 3926.0 3393.0 3974.0
P1234 0.977758 3172.0 3895.0 3224.0 3944.0
P1234 0.971105 3411.0 3768.0 3440.0 3796.0
P1234 0.94189 3718.0 3073.0 3774.0 3127.0
P1234 0.917758 2441.0 3705.0 2461.0 3728.0
P1234 0.915665 3827.0 3932.0 3892.0 3987.0
P1234 0.906895 3382.0 3762.0 3408.0 3790.0
P1234 0.900771 3733.0 3011.0 3786.0 3057.0
P1234 0.900728 3649.0 3063.0 3703.0 3115.0
P1234 0.860658 3475.0 3016.0 3533.0 3074.0
P1234 0.857599 3567.0 2956.0 3630.0 3010.0
P1234 0.840377 3281.0 2985.0 3347.0 3039.0
P1234 0.816857 3377.0 2918.0 3443.0 2978.0
P1234 0.785264 3488.0 2940.0 3549.0 2996.0
P1234 0.766775 3554.0 3034.0 3581.0 3089.0
P1234 0.765207 3363.0 2996.0 3425.0 3056.0
P1234 0.746042 3636.0 3131.0 3689.0 3181.0
P1234 0.732378 3984.0 3226.0 3997.0 3257.0
P1234 0.724129 3298.0 2904.0 3360.0 2965.0
P1234 0.715115 3568.0 2959.0 3582.0 3003.0
P1234 0.675609 3815.0 3077.0 3874.0 3130.0
P1234 0.647294 2408.0 3700.0 2433.0 3725.0
P1234 0.593401 3540.0 3109.0 3598.0 3167.0
P1234 0.539385 3745.0 3986.0 3790.0 3998.0
P1234 0.53535 3908.0 3092.0 3965.0 3145.0
P1234 0.506225 3708.0 3143.0 3759.0 3193.0
P1234 0.409052 3347.0 3072.0 3409.0 3134.0
P1234 0.367244 3798.0 3165.0 3856.0 3220.0
P1234 0.346271 3460.0 3101.0 3518.0 3151.0
P1234 0.29654 3895.0 3183.0 3947.0 3239.0
P1234 0.270735 3270.0 3062.0 3326.0 3115.0
P1234 0.115245 2218.0 3746.0 2235.0 3769.0
P1234 0.059729 2248.0 3752.0 2268.0 3776.0
P1240 0.172767 2272.0 2405.0 2298.0 2445.0
P1242 0.999375 2083.0 2112.0 2127.0 2151.0
P1242 0.999295 2242.0 2115.0 2285.0 2158.0
P1242 0.998982 1663.0 2116.0 1703.0 2156.0
P1242 0.998967 1812.0 2121.0 1850.0 2161.0
P1242 0.998904 2137.0 2113.0 2179.0 2154.0
P1242 0.998867 2089.0 1978.0 2131.0 2020.0
P1242 0.998824 2194.0 1979.0 2238.0 2022.0
P1242 0.998607 1713.0 2117.0 1751.0 2157.0
P1242 0.99849 2080.0 2163.0 2126.0 2204.0
P1242 0.99843 2142.0 1979.0 2182.0 2022.0
P1242 0.99842 2137.0 1759.0 2179.0 1800.0
P1242 0.998305 1858.0 2123.0 1900.0 2164.0
P1242 0.998262 2189.0 2113.0 2233.0 2155.0
P1242 0.998041 2209.0 1840.0 2244.0 1873.0
P1242 0.998022 1661.0 2166.0 1702.0 2206.0
P1242 0.997948 2035.0 1976.0 2076.0 2017.0
P1242 0.997946 2031.0 2111.0 2073.0 2149.0
P1242 0.997922 2125.0 1836.0 2158.0 1869.0
P1242 0.997909 2190.0 1760.0 2232.0 1803.0
P1242 0.997895 2245.0 1983.0 2288.0 2025.0
P1242 0.997802 2244.0 2036.0 2287.0 2079.0
P1242 0.997668 2239.0 2168.0 2283.0 2209.0
P1242 0.997627 2029.0 2162.0 2071.0 2202.0
P1242 0.997555 47.0 115.0 78.0 146.0
P1242 0.997466 1762.0 2118.0 1802.0 2159.0
P1242 0.99744 1761.0 1986.0 1790.0 2014.0
P1242 0.997422 1611.0 2166.0 1651.0 2202.0
P1242 0.997282 1724.0 1984.0 1753.0 2012.0
P1242 0.99723 1686.0 1984.0 1717.0 2011.0
P1242 0.997228 2003.0 2238.0 2035.0 2271.0
P1242 0.997223 2048.0 2240.0 2080.0 2272.0
P1242 0.997218 1614.0 2116.0 1653.0 2152.0
P1242 0.99717 38.0 153.0 71.0 182.0
P1242 0.997073 1810.0 2172.0 1849.0 2211.0
P1242 0.996841 2134.0 2165.0 2178.0 2207.0
P1242 0.996642 2083.0 1836.0 2115.0 1867.0
P1242 0.996602 2091.0 2240.0 2125.0 2271.0
P1242 0.996558 2252.0 1842.0 2287.0 1875.0
P1242 0.996452 2085.0 2031.0 2131.0 2073.0
P1242 0.996372 1859.0 2174.0 1898.0 2212.0
P1242 0.996171 2187.0 2166.0 2232.0 2208.0
P1242 0.99609 2049.0 1835.0 2072.0 1867.0
P1242 0.995896 267.0 111.0 322.0 165.0
P1242 0.995636 1799.0 1987.0 1828.0 2015.0
P1242 0.995633 1710.0 2168.0 1750.0 2208.0
P1242 0.995132 2139.0 2034.0 2181.0 2074.0
P1242 0.99508 2112.0 1889.0 2169.0 1946.0
P1242 0.995003 1721.0 2030.0 1773.0 2080.0
P1242 0.994962 1656.0 2028.0 1707.0 2078.0
P1242 0.99431 2245.0 1763.0 2287.0 1804.0
P1242 0.993954 2034.0 2030.0 2076.0 2071.0
P1242 0.993685 1835.0 1989.0 1865.0 2017.0
P1242 0.993477 1785.0 2032.0 1838.0 2083.0
P1242 0.993326 1841.0 1922.0 1871.0 1952.0
P1242 0.993294 227.0 250.0 284.0 306.0
P1242 0.993286 2073.0 1780.0 2098.0 1805.0
P1242 0.99313 2167.0 1839.0 2200.0 1871.0
P1242 0.99307 2191.0 2034.0 2235.0 2078.0
P1242 0.993026 1.0 270.0 36.0 320.0
P1242 0.993012 2135.0 2242.0 2168.0 2275.0
P1242 0.992926 172.0 198.0 229.0 251.0
P1242 0.992505 208.0 323.0 265.0 375.0
P1242 0.99206 192.0 125.0 248.0 180.0
P1242 0.991888 1852.0 2034.0 1901.0 2085.0
P1242 0.991868 2074.0 1736.0 2098.0 1760.0
P1242 0.991751 156.0 266.0 209.0 321.0
P1242 0.991435 2183.0 1892.0 2245.0 1948.0
P1242 0.991335 1759.0 2170.0 1801.0 2211.0
P1242 0.990583 6.0 144.0 35.0 174.0
P1242 0.988922 2039.0 1888.0 2095.0 1943.0
P1242 0.988737 4.0 207.0 48.0 259.0
P1242 0.987474 245.0 180.0 303.0 236.0
P1242 0.987062 1874.0 1990.0 1902.0 2019.0
P1242 0.986319 295.0 3.0 351.0 47.0
P1242 0.984743 2091.0 2032.0 2125.0 2046.0
P1242 0.982596 563.0 96.0 598.0 130.0
P1242 0.981554 1802.0 1920.0 1832.0 1951.0
P1242 0.980436 1878.0 1924.0 1908.0 1953.0
P1242 0.978335 2049.0 1780.0 2065.0 1803.0
P1242 0.977642 1845.0 1699.0 1874.0 1727.0
P1242 0.975239 12.0 111.0 40.0 138.0
P1242 0.974791 1724.0 2030.0 1767.0 2046.0
P1242 0.97369 137.0 338.0 190.0 390.0
P1242 0.964566 1766.0 1919.0 1797.0 1948.0
P1242 0.964541 1853.0 1666.0 1881.0 1693.0
P1242 0.962342 1838.0 1736.0 1864.0 1761.0
P1242 0.961156 2050.0 1735.0 2067.0 1759.0
P1242 0.955712 211.0 13.0 270.0 64.0
P1242 0.945401 2049.0 2030.0 2070.0 2046.0
P1242 0.938359 64.0 65.0 88.0 88.0
P1242 0.909382 1730.0 1920.0 1757.0 1946.0
P1242 0.907311 39.0 58.0 62.0 82.0
P1242 0.902328 2076.0 1704.0 2101.0 1730.0
P1242 0.901804 1792.0 2032.0 1830.0 2046.0
P1242 0.839294 2051.0 1705.0 2068.0 1729.0
P1242 0.8156 2034.0 2032.0 2046.0 2067.0
P1242 0.796491 43.0 33.0 67.0 58.0
P1242 0.770058 541.0 82.0 561.0 102.0
P1242 0.723267 1762.0 1885.0 1785.0 1909.0
P1242 0.683185 534.0 108.0 554.0 131.0
P1242 0.666992 452.0 512.0 473.0 527.0
P1242 0.658964 314.0 1509.0 354.0 1549.0
P1242 0.648449 3677.0 3509.0 3712.0 3543.0
P1242 0.646454 1791.0 1885.0 1816.0 1910.0
P1242 0.601834 2051.0 1663.0 2069.0 1685.0
P1242 0.595778 2238.0 1696.0 2260.0 1718.0
P1242 0.547426 10.0 53.0 35.0 76.0
P1242 0.521789 514.0 100.0 531.0 127.0
P1242 0.5128 2505.0 1892.0 2553.0 1935.0
P1242 0.509307 2145.0 2035.0 2177.0 2046.0
P1242 0.500728 1738.0 1661.0 1759.0 1683.0
P1242 0.481629 14.0 28.0 40.0 50.0
P1242 0.453279 1732.0 1885.0 1754.0 1908.0
P1242 0.323851 2034.0 1980.0 2046.0 2013.0
P1242 0.322233 1858.0 2035.0 1894.0 2046.0
P1242 0.217378 2266.0 1698.0 2290.0 1720.0
P1242 0.180498 770.0 0.0 836.0 22.0
P1242 0.172615 1886.0 1890.0 1908.0 1912.0
P1242 0.158331 1854.0 1888.0 1877.0 1910.0
P1242 0.088502 2197.0 2036.0 2230.0 2046.0
P1242 0.078609 2030.0 2028.0 2044.0 2046.0
P1242 0.077544 78.0 0.0 107.0 13.0
P1242 0.077051 1809.0 1830.0 1827.0 1850.0
P1242 0.064569 2051.0 1675.0 2068.0 1768.0
P1242 0.060743 3521.0 3643.0 3557.0 3676.0
P1242 0.058398 170.0 1492.0 194.0 1515.0
P1242 0.057061 2036.0 1897.0 2046.0 1933.0
P1257 0.840432 3742.0 2107.0 3776.0 2139.0
P1257 0.290888 2560.0 1458.0 2579.0 1498.0
P1269 0.986592 545.0 3090.0 584.0 3127.0
P1269 0.985057 588.0 3118.0 622.0 3151.0
P1269 0.981085 567.0 3152.0 600.0 3189.0
P1269 0.968284 551.0 3187.0 579.0 3221.0
P1269 0.956386 540.0 3179.0 564.0 3212.0
P1269 0.901813 514.0 3257.0 536.0 3287.0
P1269 0.882384 492.0 3204.0 515.0 3232.0
P1269 0.854688 529.0 3225.0 555.0 3255.0
P1269 0.847361 534.0 3133.0 561.0 3164.0
P1269 0.799209 504.0 3159.0 539.0 3195.0
P1269 0.722231 522.0 3126.0 549.0 3156.0
P1269 0.473107 515.0 3218.0 541.0 3250.0
P1269 0.386867 479.0 3195.0 506.0 3225.0
P1269 0.297271 475.0 3234.0 495.0 3261.0
P1269 0.175758 459.0 3226.0 483.0 3255.0
P1283 0.226613 1024.0 1096.0 1033.0 1147.0
P1283 0.061534 950.0 1099.0 1008.0 1156.0
P1342 0.920881 629.0 3499.0 654.0 3522.0
P1342 0.490787 1949.0 3333.0 1985.0 3379.0
P1342 0.477461 725.0 2387.0 747.0 2413.0
P1342 0.232627 1877.0 3345.0 1927.0 3388.0
P1342 0.22472 1954.0 3391.0 2002.0 3430.0
P1342 0.21829 3611.0 189.0 3655.0 250.0
P1342 0.11012 1894.0 3407.0 1942.0 3452.0
P1342 0.069452 3562.0 3969.0 3580.0 3997.0
P1342 0.054034 1903.0 3181.0 1955.0 3231.0
P1370 0.603312 2637.0 1301.0 2680.0 1343.0
P1370 0.208276 1584.0 3019.0 1641.0 3070.0
P1370 0.183253 2804.0 1857.0 2829.0 1884.0
P1370 0.059394 3284.0 753.0 3311.0 777.0
P1371 0.382791 3577.0 1156.0 3610.0 1183.0
P1371 0.209317 229.0 861.0 258.0 915.0
P1371 0.060222 2619.0 1414.0 2798.0 1634.0
P1373 0.999136 2736.0 3961.0 2773.0 3995.0
P1373 0.997858 2991.0 3901.0 3027.0 3933.0
P1373 0.997721 2944.0 3811.0 2978.0 3844.0
P1373 0.997427 3040.0 3876.0 3067.0 3908.0
P1373 0.996923 2782.0 3937.0 2820.0 3976.0
P1373 0.991173 2968.0 3856.0 3002.0 3887.0
P1373 0.988615 2994.0 3785.0 3027.0 3818.0
P1373 0.985576 2661.0 3871.0 2685.0 3897.0
P1373 0.974002 2727.0 3841.0 2752.0 3864.0
P1373 0.958938 2745.0 3870.0 2770.0 3897.0
P1373 0.95746 2691.0 3855.0 2719.0 3884.0
P1373 0.934399 2707.0 3886.0 2739.0 3915.0
P1373 0.915634 2649.0 3919.0 2672.0 3944.0
P1373 0.902294 2678.0 3901.0 2707.0 3930.0
P1373 0.234962 2870.0 363.0 2912.0 409.0
P1373 0.197675 3021.0 3834.0 3051.0 3862.0
P1373 0.055734 948.0 825.0 1130.0 952.0
P1373 0.053228 2812.0 3988.0 2839.0 3998.0
P1377 0.098085 2369.0 3256.0 2402.0 3298.0
P1380 0.258774 549.0 2691.0 583.0 2730.0
P1384 0.986352 5608.0 1513.0 5670.0 1586.0
P1384 0.98 5606.0 1537.0 5629.0 1583.0
P1384 0.962638 2560.0 766.0 2577.0 800.0
P1384 0.746111 4073.0 256.0 4090.0 285.0
P1384 0.301365 3558.0 1002.0 3579.0 1021.0
P1384 0.293079 5609.0 1517.0 5668.0 1534.0
P1384 0.287596 3584.0 1809.0 3596.0 1832.0
P1384 0.284161 4054.0 2563.0 4087.0 2600.0
P1384 0.269443 5560.0 1546.0 5603.0 1595.0
P1384 0.22751 5450.0 2868.0 5485.0 2900.0
P1384 0.19154 3564.0 1024.0 3581.0 1039.0
P1384 0.137933 2564.0 865.0 2587.0 891.0
P1384 0.065028 2560.0 330.0 2571.0 355.0
P1384 0.05784 1388.0 3285.0 1408.0 3302.0
P1384 0.054541 2560.0 362.0 2571.0 388.0
P1386 0.104835 513.0 1024.0 545.0 1041.0
P1397 0.897238 2935.0 2823.0 2962.0 2856.0
P1397 0.778866 2764.0 2216.0 2793.0 2246.0
P1397 0.714819 2938.0 2385.0 2965.0 2416.0
P1397 0.555405 3105.0 2724.0 3133.0 2755.0
P1397 0.516435 2935.0 2271.0 2962.0 2305.0
P1397 0.427186 3101.0 2860.0 3129.0 2892.0
P1397 0.419055 2063.0 2048.0 2086.0 2072.0
P1397 0.367316 2763.0 2331.0 2794.0 2364.0
P1397 0.190073 1921.0 1536.0 1943.0 1556.0
P1397 0.144088 2240.0 2048.0 2258.0 2073.0
P1397 0.073332 2753.0 2723.0 2786.0 2757.0
P1397 0.05239 3113.0 2473.0 3138.0 2504.0
P1410 0.224196 4709.0 2384.0 4746.0 2411.0
P1410 0.157889 3851.0 2048.0 3893.0 2066.0
P1410 0.101567 3967.0 1024.0 4073.0 1126.0
P1432 0.137309 2194.0 2543.0 2231.0 2572.0
P1432 0.077125 3134.0 3703.0 3165.0 3730.0
P1432 0.060546 2403.0 1564.0 2433.0 1589.0
P1432 0.052406 1025.0 4117.0 1044.0 4136.0
P1463 0.074269 2563.0 1480.0 2774.0 1533.0
P1471 0.060475 1292.0 1684.0 1311.0 1707.0
P1474 0.961535 3006.0 1752.0 3061.0 1808.0
P1518 0.515322 788.0 1887.0 825.0 1923.0
P1518 0.106302 1605.0 146.0 1640.0 178.0
P1529 0.344068 1557.0 759.0 1594.0 801.0
P1529 0.210287 1536.0 577.0 1573.0 615.0
P1542 0.079885 2977.0 2680.0 2992.0 2710.0
P1547 0.170811 1234.0 1537.0 1258.0 1553.0
P1547 0.063422 3353.0 3569.0 3382.0 3591.0
P1577 0.148654 6.0 3455.0 45.0 3491.0
P1577 0.077554 565.0 2065.0 602.0 2086.0
P1579 0.995479 1369.0 3190.0 1402.0 3225.0
P1579 0.994262 1383.0 3228.0 1408.0 3255.0
P1579 0.978545 1346.0 3237.0 1371.0 3260.0
P1579 0.972449 1321.0 3206.0 1356.0 3235.0
P1579 0.966274 1361.0 3154.0 1394.0 3190.0
P1579 0.962004 1325.0 3237.0 1357.0 3262.0
P1579 0.840212 1314.0 3167.0 1347.0 3206.0
P1579 0.280553 1380.0 3256.0 1416.0 3304.0
P1579 0.184381 1333.0 3264.0 1374.0 3307.0
P1579 0.088549 1943.0 1574.0 1985.0 1640.0
P1581 0.665406 1828.0 949.0 1878.0 1001.0
P1581 0.242294 3.0 3979.0 32.0 3998.0
P1581 0.104082 3.0 3922.0 33.0 3963.0
P1581 0.051415 50.0 3908.0 91.0 3955.0
P1584 0.203569 516.0 623.0 541.0 658.0
P1584 0.197228 1277.0 2320.0 1317.0 2358.0
P1584 0.176762 3466.0 2124.0 3507.0 2176.0
P1586 0.936165 1677.0 1211.0 1714.0 1249.0
P1586 0.822091 2823.0 1947.0 2862.0 1991.0
P1586 0.40528 306.0 15.0 350.0 55.0
P1586 0.223452 1122.0 3049.0 1193.0 3070.0
P1598 0.912654 2194.0 3325.0 2223.0 3369.0
P1598 0.88044 3116.0 43.0 3177.0 102.0
P1598 0.841347 2589.0 1236.0 2638.0 1287.0
P1598 0.267852 2023.0 540.0 2043.0 572.0
P1598 0.263846 3770.0 355.0 3829.0 423.0
P1598 0.24594 3181.0 1457.0 3221.0 1497.0
P1598 0.187759 2977.0 3975.0 3010.0 3995.0
P1598 0.16433 3089.0 0.0 3152.0 33.0
P1598 0.068383 3164.0 11.0 3211.0 63.0
P1598 0.060938 1028.0 2506.0 1048.0 2531.0
P1601 0.990723 2028.0 1325.0 2046.0 1369.0
P1601 0.987395 2048.0 1324.0 2071.0 1370.0
P1601 0.494318 2934.0 772.0 2969.0 800.0
P1601 0.483828 3132.0 1054.0 3186.0 1105.0
P1601 0.366639 2890.0 780.0 2943.0 821.0
P1601 0.155621 1362.0 1231.0 1411.0 1292.0
P1601 0.094516 3079.0 1070.0 3126.0 1115.0
P1604 0.405216 339.0 2387.0 373.0 2419.0
P1604 0.343199 1540.0 2107.0 1602.0 2186.0
P1604 0.321603 673.0 3564.0 717.0 3582.0
P1643 0.994045 1380.0 2572.0 1425.0 2620.0
P1643 0.271901 2788.0 2888.0 2829.0 2932.0
P1647 0.996624 1161.0 3873.0 1210.0 3919.0
P1647 0.977999 1363.0 2976.0 1408.0 3001.0
P1647 0.976653 66.0 1289.0 129.0 1348.0
P1647 0.965308 164.0 1263.0 227.0 1325.0
P1647 0.940212 1359.0 3950.0 1390.0 3981.0
P1647 0.92847 1405.0 3936.0 1439.0 3967.0
P1647 0.696168 1308.0 3962.0 1338.0 3993.0
P1647 0.627905 1179.0 3929.0 1220.0 3965.0
P1647 0.0875 84.0 1264.0 113.0 1280.0
P1650 0.164943 3460.0 1022.0 3493.0 1041.0
P1651 0.998295 2604.0 919.0 2646.0 960.0
P1651 0.997371 2474.0 734.0 2516.0 773.0
P1651 0.997245 2551.0 933.0 2591.0 974.0
P1651 0.996827 1344.0 31.0 1401.0 86.0
P1651 0.996469 3929.0 3245.0 3973.0 3294.0
P1651 0.996088 1415.0 14.0 1475.0 71.0
P1651 0.994791 1197.0 3.0 1236.0 35.0
P1651 0.990355 2463.0 787.0 2509.0 828.0
P1651 0.989001 2560.0 570.0 2587.0 610.0
P1651 0.98547 3883.0 3222.0 3911.0 3252.0
P1651 0.983692 2565.0 631.0 2604.0 679.0
P1651 0.980516 1195.0 49.0 1252.0 103.0
P1651 0.874814 2476.0 841.0 2523.0 882.0
P1651 0.364825 2496.0 918.0 2523.0 947.0
P1651 0.161538 2602.0 557.0 2644.0 595.0
P1651 0.114806 3432.0 2639.0 3484.0 2683.0
P1666 0.18404 3517.0 346.0 3543.0 375.0
P1666 0.061979 2337.0 319.0 2358.0 368.0
P1666 0.059733 3493.0 340.0 3519.0 380.0
P1666 0.052693 1067.0 143.0 1104.0 179.0
P1672 0.919611 3711.0 1556.0 3764.0 1613.0
P1672 0.822552 804.0 648.0 843.0 687.0
P1672 0.734522 3913.0 1285.0 3962.0 1333.0
P1672 0.324321 3264.0 1797.0 3296.0 1831.0
P1693 0.114575 1375.0 2508.0 1460.0 2558.0
P1699 0.097658 484.0 818.0 509.0 838.0
P1700 0.188952 415.0 3594.0 467.0 3643.0
P1713 0.051448 1120.0 3303.0 1185.0 3364.0
P1720 0.061377 2380.0 2225.0 2439.0 2276.0
P1732 0.328554 1543.0 1904.0 1582.0 1959.0
P1738 0.991854 1919.0 1864.0 1952.0 1908.0
P1738 0.233921 1277.0 1536.0 1332.0 1578.0
P1749 0.293414 316.0 2905.0 355.0 2944.0
P1752 0.212046 2466.0 2353.0 2486.0 2383.0
P1752 0.114306 2415.0 2301.0 2442.0 2330.0
P1752 0.075416 3117.0 3886.0 3159.0 3936.0
P1752 0.066705 2504.0 2018.0 2528.0 2045.0
P1752 0.054002 3378.0 2485.0 3468.0 2531.0
P1754 0.987769 1443.0 721.0 1518.0 807.0
P1754 0.986233 617.0 1546.0 670.0 1613.0
P1754 0.684048 1369.0 764.0 1446.0 843.0
P1754 0.398987 3148.0 1464.0 3170.0 1496.0
P1754 0.226857 659.0 1598.0 706.0 1657.0
P1754 0.19211 1211.0 761.0 1239.0 783.0
P1754 0.107741 2658.0 43.0 2699.0 90.0
P1754 0.084211 1180.0 764.0 1208.0 798.0
P1759 0.375266 3444.0 3564.0 3473.0 3593.0
P1770 0.273942 1469.0 2145.0 1500.0 2174.0
P1770 0.215889 1521.0 1723.0 1585.0 1782.0
P1786 0.099465 2651.0 2416.0 2705.0 2467.0
P1809 0.988177 383.0 1960.0 425.0 2002.0
P1809 0.984743 510.0 1576.0 555.0 1619.0
P1809 0.981801 348.0 2003.0 392.0 2044.0
P1809 0.956002 442.0 1666.0 482.0 1711.0
P1809 0.944269 477.0 1621.0 523.0 1665.0
P1809 0.720479 3178.0 2208.0 3197.0 2231.0
P1809 0.386719 2125.0 2902.0 2183.0 2966.0
P1829 0.975477 1494.0 1369.0 1616.0 1426.0
P1829 0.066346 1500.0 1376.0 1534.0 1426.0
P1854 0.985753 12811.0 1849.0 12851.0 1886.0
P1854 0.98403 306.0 2678.0 342.0 2709.0
P1854 0.979154 308.0 1115.0 344.0 1147.0
P1854 0.976144 311.0 1148.0 344.0 1179.0
P1854 0.954612 6679.0 413.0 6835.0 580.0
P1854 0.941794 6680.0 791.0 6833.0 940.0
P1854 0.937087 6479.0 412.0 6645.0 579.0
P1854 0.92574 6488.0 603.0 6641.0 758.0
P1854 0.918168 6486.0 791.0 6646.0 942.0
P1854 0.903562 312.0 1183.0 347.0 1208.0
P1854 0.899127 6675.0 607.0 6841.0 757.0
P1854 0.883579 307.0 2711.0 341.0 2741.0
P1854 0.781951 7013.0 2882.0 7070.0 2946.0
P1854 0.661677 308.0 2648.0 340.0 2674.0
P1854 0.280434 6479.0 759.0 6523.0 809.0
P1854 0.13481 6656.0 1956.0 6696.0 2069.0
P1903 0.217623 192.0 818.0 324.0 953.0
P2042 0.395555 406.0 136.0 457.0 196.0
P2042 0.330466 441.0 96.0 460.0 108.0
P2097 0.476138 358.0 201.0 378.0 225.0
P2097 0.254765 340.0 214.0 358.0 236.0
P2097 0.207523 258.0 776.0 276.0 794.0
P2097 0.06799 554.0 846.0 573.0 867.0
P2167 0.111935 589.0 407.0 624.0 441.0
P2167 0.081016 638.0 353.0 671.0 383.0
P2194 0.115075 1055.0 1571.0 1174.0 1696.0
P2231 0.239411 1394.0 1335.0 1429.0 1366.0
P2242 0.54528 1747.0 668.0 1814.0 737.0
P2255 0.255295 140.0 195.0 222.0 279.0
P2255 0.232042 225.0 281.0 297.0 357.0
P2255 0.142126 152.0 368.0 217.0 437.0
P2255 0.121406 544.0 599.0 625.0 686.0
P2255 0.081268 621.0 526.0 691.0 590.0
P2285 0.059147 1722.0 1001.0 1753.0 1022.0
P2286 0.998359 2111.0 1428.0 2145.0 1462.0
P2286 0.997584 2095.0 1508.0 2132.0 1545.0
P2286 0.997178 1876.0 1203.0 1911.0 1237.0
P2286 0.995586 1857.0 1050.0 1894.0 1082.0
P2286 0.995171 1950.0 1024.0 1983.0 1043.0
P2286 0.994839 2078.0 1259.0 2115.0 1295.0
P2286 0.994691 2022.0 1493.0 2043.0 1529.0
P2286 0.994215 1869.0 1320.0 1901.0 1357.0
P2286 0.994037 1929.0 1081.0 1962.0 1116.0
P2286 0.993602 1834.0 1132.0 1872.0 1165.0
P2286 0.990264 1909.0 1160.0 1943.0 1197.0
P2286 0.987208 1883.0 976.0 1915.0 1006.0
P2286 0.983492 2139.0 1349.0 2176.0 1381.0
P2286 0.98067 2051.0 1422.0 2076.0 1448.0
P2286 0.967099 2172.0 1533.0 2203.0 1562.0
P2286 0.952038 2185.0 1434.0 2222.0 1470.0
P2286 0.943767 1828.0 743.0 1863.0 776.0
P2286 0.854412 1746.0 753.0 1775.0 784.0
P2286 0.721891 2050.0 1554.0 2089.0 1591.0
P2286 0.619238 1790.0 818.0 1813.0 842.0
P2286 0.437139 1952.0 1010.0 1984.0 1022.0
P2286 0.30431 2060.0 1335.0 2101.0 1372.0
P2286 0.205119 1794.0 1252.0 1814.0 1278.0
P2286 0.190865 2124.0 1302.0 2145.0 1325.0
P2286 0.184021 2201.0 69.0 2236.0 99.0
P2286 0.060683 1544.0 886.0 1572.0 920.0
P2331 0.534571 1442.0 1455.0 1489.0 1501.0
P2331 0.134629 2507.0 375.0 2532.0 398.0
P2331 0.116971 273.0 615.0 301.0 642.0
P2337 0.993166 904.0 479.0 954.0 529.0
P2337 0.992979 911.0 512.0 949.0 527.0
P2337 0.99173 852.0 531.0 903.0 578.0
P2337 0.988842 866.0 1184.0 998.0 1297.0
P2337 0.986238 393.0 657.0 524.0 788.0
P2337 0.985605 859.0 669.0 906.0 718.0
P2337 0.985358 543.0 854.0 658.0 979.0
P2337 0.985075 849.0 607.0 902.0 657.0
P2337 0.983589 1026.0 580.0 1061.0 685.0
P2337 0.968786 949.0 576.0 1059.0 689.0
P2337 0.961981 932.0 1025.0 1003.0 1092.0
P2337 0.949513 1030.0 732.0 1103.0 822.0
P2337 0.872577 825.0 933.0 901.0 1005.0
P2337 0.866544 328.0 957.0 408.0 1037.0
P2337 0.759199 2029.0 684.0 2045.0 746.0
P2337 0.700941 1843.0 1185.0 1970.0 1305.0
P2337 0.56915 1865.0 512.0 1993.0 605.0
P2337 0.530598 850.0 737.0 911.0 799.0
P2337 0.474332 2000.0 994.0 2044.0 1022.0
P2337 0.343381 1753.0 921.0 1871.0 1055.0
P2337 0.281636 1310.0 254.0 1435.0 389.0
P2337 0.224549 332.0 1024.0 403.0 1040.0
P2337 0.175622 1651.0 250.0 1819.0 403.0
P2337 0.156955 2035.0 353.0 2124.0 470.0
P2337 0.076002 1985.0 816.0 2086.0 948.0
P2342 0.687601 1240.0 2281.0 1276.0 2309.0
P2351 0.316033 1339.0 513.0 1368.0 540.0
P2351 0.264087 761.0 570.0 786.0 593.0
P2363 0.878401 61.0 1761.0 153.0 1848.0
P2363 0.068307 1.0 1799.0 28.0 1869.0
P2365 0.227155 2811.0 1901.0 2826.0 1944.0
P2378 0.440579 434.0 823.0 566.0 914.0
P2393 0.229784 4.0 366.0 44.0 406.0
P2404 0.399526 3051.0 3559.0 3070.0 3582.0
P2404 0.314622 3076.0 513.0 3106.0 532.0
P2404 0.243271 3532.0 3171.0 3559.0 3197.0
P2404 0.214217 2216.0 608.0 2249.0 638.0
P2404 0.170863 1538.0 1473.0 1559.0 1501.0
P2408 0.293187 1381.0 56.0 1409.0 79.0
P2420 0.397506 821.0 1080.0 839.0 1103.0
P2420 0.074016 227.0 691.0 249.0 711.0
P2429 0.276472 347.0 777.0 389.0 814.0
P2446 0.091686 1858.0 299.0 1896.0 339.0
P2449 0.260145 311.0 521.0 341.0 550.0
P2449 0.066066 6.0 1654.0 35.0 1696.0
P2455 0.082316 1098.0 382.0 1166.0 436.0
P2481 0.159312 2020.0 942.0 2041.0 961.0
P2481 0.083053 2023.0 959.0 2043.0 981.0
P2502 0.703377 144.0 1244.0 199.0 1302.0
P2504 0.090051 174.0 1259.0 208.0 1292.0
P2539 0.116421 1494.0 1235.0 1522.0 1264.0
P2541 0.492003 1538.0 1547.0 1560.0 1575.0
P2542 0.988921 1084.0 2104.0 1100.0 2131.0
P2542 0.960335 1098.0 2129.0 1116.0 2155.0
P2542 0.938275 581.0 962.0 617.0 996.0
P2542 0.560655 420.0 1130.0 460.0 1155.0
P2542 0.390963 522.0 1035.0 572.0 1079.0
P2542 0.131971 671.0 443.0 700.0 486.0
P2542 0.119387 573.0 942.0 591.0 957.0
P2547 0.724091 3504.0 280.0 3557.0 322.0
P2547 0.465975 1076.0 1439.0 1105.0 1467.0
P2547 0.257856 255.0 1829.0 283.0 1860.0
P2547 0.253158 436.0 915.0 469.0 945.0
P2547 0.146526 695.0 1696.0 714.0 1715.0
P2547 0.099616 1030.0 1423.0 1062.0 1453.0
P2547 0.071147 1122.0 1401.0 1157.0 1413.0
P2547 0.05337 1864.0 2245.0 1885.0 2266.0
P2587 0.151422 1461.0 512.0 1534.0 636.0
P2598 0.513583 345.0 871.0 442.0 982.0
P2645 0.999402 2227.0 2584.0 2269.0 2628.0
P2645 0.999266 1791.0 2727.0 1832.0 2768.0
P2645 0.999217 2274.0 2612.0 2327.0 2662.0
P2645 0.999051 4052.0 2434.0 4092.0 2491.0
P2645 0.998974 4104.0 1688.0 4136.0 1718.0
P2645 0.998928 1971.0 2861.0 2007.0 2896.0
P2645 0.998871 3659.0 2084.0 3694.0 2121.0
P2645 0.998846 4505.0 3146.0 4546.0 3188.0
P2645 0.998698 935.0 1953.0 975.0 1994.0
P2645 0.9986 4162.0 1694.0 4196.0 1729.0
P2645 0.998445 1221.0 2198.0 1249.0 2222.0
P2645 0.998236 2239.0 2660.0 2292.0 2713.0
P2645 0.998082 2206.0 2710.0 2258.0 2762.0
P2645 0.997944 2049.0 2479.0 2081.0 2524.0
P2645 0.997898 4258.0 929.0 4301.0 965.0
P2645 0.997558 1303.0 2065.0 1326.0 2089.0
P2645 0.997502 3700.0 2072.0 3736.0 2106.0
P2645 0.997479 4217.0 1700.0 4254.0 1735.0
P2645 0.997312 3815.0 1857.0 3866.0 1901.0
P2645 0.997311 2050.0 2553.0 2100.0 2599.0
P2645 0.997103 3602.0 2157.0 3649.0 2206.0
P2645 0.997101 3754.0 2332.0 3794.0 2369.0
P2645 0.997075 2011.0 2861.0 2046.0 2928.0
P2645 0.99686 1857.0 2748.0 1899.0 2791.0
P2645 0.996685 888.0 1925.0 932.0 1966.0
P2645 0.996627 1234.0 2129.0 1259.0 2155.0
P2645 0.996446 3619.0 2096.0 3659.0 2137.0
P2645 0.996434 4247.0 1626.0 4287.0 1668.0
P2645 0.996396 4559.0 3063.0 4590.0 3096.0
P2645 0.996383 3609.0 1876.0 3649.0 1915.0
P2645 0.996224 1506.0 1343.0 1533.0 1404.0
P2645 0.996207 3697.0 2405.0 3736.0 2446.0
P2645 0.996124 4243.0 974.0 4281.0 1012.0
P2645 0.996017 3713.0 2451.0 3755.0 2492.0
P2645 0.995997 1897.0 2691.0 1936.0 2732.0
P2645 0.995902 2080.0 2513.0 2128.0 2557.0
P2645 0.995894 2173.0 2759.0 2227.0 2812.0
P2645 0.99586 3753.0 1855.0 3793.0 1892.0
P2645 0.995856 3649.0 2419.0 3690.0 2461.0
P2645 0.995811 2027.0 2592.0 2046.0 2636.0
P2645 0.995805 3653.0 2143.0 3703.0 2193.0
P2645 0.995659 2006.0 2520.0 2053.0 2564.0
P2645 0.995644 3851.0 2597.0 3937.0 2678.0
P2645 0.995638 3737.0 1809.0 3781.0 1846.0
P2645 0.99563 3881.0 2016.0 3927.0 2064.0
P2645 0.995427 1443.0 1492.0 1471.0 1522.0
P2645 0.995367 3739.0 2391.0 3783.0 2433.0
P2645 0.995358 4011.0 874.0 4068.0 933.0
P2645 0.995268 3706.0 2124.0 3754.0 2175.0
P2645 0.994959 3939.0 2076.0 3979.0 2117.0
P2645 0.994919 1259.0 2143.0 1282.0 2171.0
P2645 0.994896 3661.0 2357.0 3701.0 2396.0
P2645 0.994893 2081.0 2845.0 2130.0 2896.0
P2645 0.994876 3533.0 2122.0 3573.0 2170.0
P2645 0.99482 4534.0 3112.0 4568.0 3142.0
P2645 0.994731 3796.0 1804.0 3847.0 1849.0
P2645 0.994658 1939.0 2899.0 2005.0 2964.0
P2645 0.994586 2077.0 2790.0 2126.0 2841.0
P2645 0.994451 3592.0 1829.0 3635.0 1866.0
P2645 0.994371 1238.0 2170.0 1266.0 2199.0
P2645 0.994312 3869.0 1817.0 3915.0 1857.0
P2645 0.994237 4215.0 1757.0 4254.0 1793.0
P2645 0.99409 1979.0 2560.0 2025.0 2605.0
P2645 0.994048 3573.0 2111.0 3614.0 2150.0
P2645 0.993992 1592.0 1581.0 1677.0 1675.0
P2645 0.993947 1198.0 2181.0 1224.0 2206.0
P2645 0.993864 4326.0 888.0 4376.0 940.0
P2645 0.993741 3950.0 2662.0 4031.0 2744.0
P2645 0.993675 3548.0 2174.0 3596.0 2223.0
P2645 0.993366 3526.0 1856.0 3578.0 1923.0
P2645 0.993365 1263.0 2188.0 1292.0 2213.0
P2645 0.992953 3720.0 2502.0 3783.0 2555.0
P2645 0.992844 4280.0 883.0 4317.0 920.0
P2645 0.992834 1987.0 2630.0 2041.0 2683.0
P2645 0.992763 3710.0 2345.0 3748.0 2385.0
P2645 0.992502 3474.0 1949.0 3536.0 2010.0
P2645 0.992441 3892.0 2088.0 3933.0 2129.0
P2645 0.992273 3858.0 1771.0 3898.0 1809.0
P2645 0.992164 4340.0 951.0 4397.0 1009.0
P2645 0.991854 2002.0 2930.0 2042.0 3001.0
P2645 0.991791 1942.0 2598.0 1996.0 2652.0
P2645 0.991682 1319.0 1958.0 1427.0 2059.0
P2645 0.99137 3622.0 1922.0 3666.0 1961.0
P2645 0.991148 3432.0 1818.0 3492.0 1876.0
P2645 0.991139 3844.0 1725.0 3884.0 1761.0
P2645 0.99111 3986.0 2063.0 4026.0 2101.0
P2645 0.991067 1214.0 2154.0 1245.0 2182.0
P2645 0.990815 3449.0 1881.0 3516.0 1942.0
P2645 0.990694 3930.0 2132.0 3988.0 2195.0
P2645 0.990584 1948.0 2735.0 2012.0 2802.0
P2645 0.99055 1325.0 2080.0 1351.0 2107.0
P2645 0.990437 1209.0 1291.0 1295.0 1384.0
P2645 0.990012 4190.0 1611.0 4240.0 1661.0
P2645 0.989866 4161.0 1749.0 4198.0 1786.0
P2645 0.989542 3801.0 2317.0 3840.0 2353.0
P2645 0.989465 3548.0 1928.0 3582.0 1985.0
P2645 0.989413 3509.0 1795.0 3563.0 1855.0
P2645 0.989352 4008.0 1170.0 4068.0 1230.0
P2645 0.989267 4106.0 1743.0 4141.0 1775.0
P2645 0.989128 4080.0 897.0 4139.0 955.0
P2645 0.988419 3766.0 2443.0 3827.0 2501.0
P2645 0.988284 1868.0 2851.0 1936.0 2913.0
P2645 0.988221 2461.0 2874.0 2558.0 3034.0
P2645 0.987978 3649.0 2486.0 3709.0 2539.0
P2645 0.987869 3846.0 2102.0 3885.0 2140.0
P2645 0.986418 1251.0 2029.0 1277.0 2056.0
P2645 0.986309 3937.0 1998.0 3999.0 2045.0
P2645 0.986229 1641.0 1367.0 1703.0 1434.0
P2645 0.985875 1232.0 1753.0 1317.0 1851.0
P2645 0.984673 1994.0 2829.0 2029.0 2865.0
P2645 0.984524 3581.0 1923.0 3608.0 1984.0
P2645 0.984481 4506.0 3086.0 4541.0 3118.0
P2645 0.984383 1185.0 1414.0 1273.0 1510.0
P2645 0.983668 2135.0 2841.0 2201.0 2906.0
P2645 0.983263 1670.0 2812.0 1710.0 2850.0
P2645 0.982678 1544.0 1433.0 1610.0 1511.0
P2645 0.982541 3793.0 2375.0 3856.0 2434.0
P2645 0.982151 4077.0 902.0 4094.0 949.0
P2645 0.982148 3998.0 2115.0 4059.0 2173.0
P2645 0.98203 2048.0 2597.0 2070.0 2638.0
P2645 0.981962 3492.0 1536.0 3528.0 1552.0
P2645 0.981727 1908.0 2791.0 1972.0 2855.0
P2645 0.981398 1245.0 2212.0 1271.0 2239.0
P2645 0.98135 4272.0 1708.0 4308.0 1743.0
P2645 0.980932 1538.0 1347.0 1568.0 1402.0
P2645 0.979353 3863.0 2153.0 3926.0 2214.0
P2645 0.978809 3781.0 1751.0 3831.0 1796.0
P2645 0.977989 4148.0 1935.0 4208.0 1995.0
P2645 0.977556 2365.0 1834.0 2398.0 1873.0
P2645 0.977512 2621.0 1953.0 2667.0 1998.0
P2645 0.976726 1701.0 1401.0 1794.0 1506.0
P2645 0.976718 4289.0 992.0 4339.0 1044.0
P2645 0.97664 1845.0 2532.0 1891.0 2579.0
P2645 0.97661 4107.0 1854.0 4167.0 1916.0
P2645 0.976448 1276.0 2046.0 1301.0 2071.0
P2645 0.97603 3724.0 1764.0 3763.0 1801.0
P2645 0.975308 2193.0 2634.0 2234.0 2679.0
P2645 0.974316 3710.0 1716.0 3749.0 1755.0
P2645 0.973262 3487.0 1576.0 3534.0 1621.0
P2645 0.972416 4204.0 1847.0 4265.0 1908.0
P2645 0.971284 4027.0 1256.0 4085.0 1313.0
P2645 0.97122 1891.0 2463.0 1940.0 2513.0
P2645 0.970905 4247.0 1508.0 4299.0 1552.0
P2645 0.969166 2076.0 2898.0 2143.0 2969.0
P2645 0.968628 1938.0 2395.0 1987.0 2446.0
P2645 0.968093 3579.0 1782.0 3620.0 1821.0
P2645 0.967671 4275.0 1764.0 4310.0 1799.0
P2645 0.965944 3540.0 1560.0 3578.0 1598.0
P2645 0.965188 1445.0 1412.0 1526.0 1496.0
P2645 0.962797 1575.0 1356.0 1634.0 1417.0
P2645 0.961032 1791.0 2800.0 1849.0 2858.0
P2645 0.957543 2470.0 2298.0 2530.0 2357.0
P2645 0.957104 1648.0 1495.0 1729.0 1534.0
P2645 0.957054 2158.0 2682.0 2202.0 2726.0
P2645 0.954372 4252.0 1920.0 4314.0 1981.0
P2645 0.951694 2048.0 2863.0 2073.0 2926.0
P2645 0.948012 3589.0 1024.0 3688.0 1137.0
P2645 0.947081 4254.0 1536.0 4287.0 1551.0
P2645 0.945736 1027.0 1778.0 1082.0 1839.0
P2645 0.945632 3987.0 2391.0 4044.0 2447.0
P2645 0.941293 1830.0 2667.0 1871.0 2708.0
P2645 0.940458 4210.0 2050.0 4270.0 2113.0
P2645 0.937826 3769.0 1697.0 3815.0 1741.0
P2645 0.932962 3431.0 1543.0 3475.0 1575.0
P2645 0.932504 1689.0 2731.0 1747.0 2789.0
P2645 0.931087 3831.0 2048.0 3872.0 2078.0
P2645 0.92465 3885.0 1863.0 3927.0 1899.0
P2645 0.922837 2119.0 2654.0 2163.0 2696.0
P2645 0.918776 4284.0 2005.0 4345.0 2062.0
P2645 0.916793 2372.0 2231.0 2434.0 2292.0
P2645 0.914122 3766.0 1906.0 3804.0 1937.0
P2645 0.91349 3537.0 1494.0 3577.0 1538.0
P2645 0.913488 4117.0 2482.0 4177.0 2540.0
P2645 0.911607 3946.0 847.0 4005.0 904.0
P2645 0.91133 3614.0 1169.0 3743.0 1303.0
P2645 0.901895 3725.0 1536.0 3833.0 1621.0
P2645 0.892259 2322.0 2309.0 2379.0 2371.0
P2645 0.885583 2266.0 2389.0 2327.0 2446.0
P2645 0.884417 3829.0 1676.0 3870.0 1717.0
P2645 0.882127 3639.0 2208.0 3712.0 2266.0
P2645 0.878864 2113.0 2261.0 2163.0 2315.0
P2645 0.871577 4507.0 3020.0 4540.0 3050.0
P2645 0.871102 2095.0 2709.0 2128.0 2747.0
P2645 0.867765 2710.0 1935.0 2751.0 1985.0
P2645 0.866064 3887.0 2048.0 3922.0 2062.0
P2645 0.864984 3802.0 2418.0 3850.0 2433.0
P2645 0.858873 1002.0 2345.0 1022.0 2424.0
P2645 0.838728 3706.0 1492.0 3838.0 1534.0
P2645 0.836036 2451.0 1695.0 2534.0 1784.0
P2645 0.835406 2414.0 2008.0 2517.0 2046.0
P2645 0.83317 3490.0 1507.0 3528.0 1543.0
P2645 0.822872 4353.0 1206.0 4412.0 1263.0
P2645 0.81501 3664.0 1332.0 3790.0 1463.0
P2645 0.813251 2664.0 1891.0 2713.0 1945.0
P2645 0.805842 1283.0 2162.0 1307.0 2188.0
P2645 0.798373 1080.0 1819.0 1139.0 1878.0
P2645 0.782371 2432.0 1850.0 2524.0 1943.0
P2645 0.778819 1351.0 2097.0 1376.0 2122.0
P2645 0.772926 966.0 2062.0 1012.0 2120.0
P2645 0.772148 2194.0 2209.0 2244.0 2267.0
P2645 0.754827 4151.0 1380.0 4219.0 1438.0
P2645 0.750277 1142.0 1862.0 1201.0 1916.0
P2645 0.747998 3986.0 1090.0 4047.0 1145.0
P2645 0.744074 1012.0 2418.0 1084.0 2438.0
P2645 0.735086 2186.0 2559.0 2230.0 2599.0
P2645 0.728655 2048.0 2937.0 2065.0 2990.0
P2645 0.723951 2612.0 1687.0 2709.0 1786.0
P2645 0.722015 2672.0 1984.0 2727.0 2041.0
P2645 0.710075 1033.0 2129.0 1109.0 2215.0
P2645 0.663003 878.0 2239.0 981.0 2351.0
P2645 0.642053 2814.0 3105.0 2841.0 3130.0
P2645 0.618551 2548.0 2090.0 2640.0 2188.0
P2645 0.609138 793.0 2111.0 901.0 2220.0
P2645 0.599825 3722.0 2188.0 3791.0 2258.0
P2645 0.584036 3581.0 2179.0 3595.0 2217.0
P2645 0.582242 1511.0 1520.0 1571.0 1534.0
P2645 0.574055 3568.0 2243.0 3582.0 2290.0
P2645 0.55937 2307.0 1917.0 2404.0 2016.0
P2645 0.559348 3369.0 1422.0 3419.0 1465.0
P2645 0.542644 4291.0 2048.0 4337.0 2065.0
P2645 0.539142 994.0 2325.0 1108.0 2440.0
P2645 0.536115 3430.0 1393.0 3476.0 1444.0
P2645 0.53082 1385.0 1479.0 1433.0 1523.0
P2645 0.529863 1383.0 1878.0 1486.0 1970.0
P2645 0.504374 902.0 2004.0 968.0 2070.0
P2645 0.495052 1239.0 1907.0 1333.0 1991.0
P2645 0.48982 2043.0 2683.0 2080.0 2713.0
P2645 0.466831 2032.0 2478.0 2044.0 2521.0
P2645 0.450414 2564.0 2889.0 2605.0 3019.0
P2645 0.437492 2424.0 2048.0 2517.0 2102.0
P2645 0.435893 3569.0 2107.0 3581.0 2147.0
P2645 0.430791 2157.0 2610.0 2195.0 2649.0
P2645 0.398847 4320.0 1281.0 4379.0 1337.0
P2645 0.398601 2110.0 2584.0 2149.0 2619.0
P2645 0.386392 1195.0 2284.0 1240.0 2325.0
P2645 0.3779 4206.0 1237.0 4272.0 1293.0
P2645 0.377354 3386.0 1224.0 3433.0 1271.0
P2645 0.361554 2128.0 2733.0 2171.0 2776.0
P2645 0.343811 4177.0 1310.0 4243.0 1366.0
P2645 0.313119 1656.0 1537.0 1740.0 1589.0
P2645 0.301678 2185.0 2308.0 2251.0 2379.0
P2645 0.268437 4233.0 1161.0 4298.0 1219.0
P2645 0.247371 4267.0 1428.0 4327.0 1479.0
P2645 0.236874 3831.0 2030.0 3869.0 2046.0
P2645 0.217034 1203.0 2139.0 1271.0 2198.0
P2645 0.200821 3318.0 1197.0 3362.0 1241.0
P2645 0.191061 3747.0 2418.0 3782.0 2430.0
P2645 0.179486 3437.0 1147.0 3498.0 1207.0
P2645 0.17325 1691.0 1509.0 1733.0 1534.0
P2645 0.171871 3362.0 1134.0 3405.0 1179.0
P2645 0.14273 978.0 1967.0 1021.0 2033.0
P2645 0.134741 1493.0 1519.0 1591.0 1606.0
P2645 0.127556 3910.0 1265.0 3972.0 1324.0
P2645 0.123689 3581.0 1870.0 3590.0 1913.0
P2645 0.116567 4126.0 1455.0 4191.0 1509.0
P2645 0.115255 3839.0 1040.0 3903.0 1093.0
P2645 0.113003 1167.0 2165.0 1209.0 2198.0
P2645 0.111217 2115.0 2158.0 2157.0 2205.0
P2645 0.103821 1506.0 1518.0 1531.0 1533.0
P2645 0.093754 1198.0 2140.0 1223.0 2166.0
P2645 0.090327 3865.0 1117.0 3926.0 1167.0
P2645 0.077763 1354.0 2048.0 1396.0 2057.0
P2645 0.07438 3883.0 1190.0 3947.0 1246.0
P2645 0.068484 4296.0 1358.0 4353.0 1407.0
P2645 0.065995 1487.0 1509.0 1529.0 1529.0
P2645 0.061229 3405.0 1056.0 3466.0 1118.0
P2645 0.059101 3527.0 1441.0 3558.0 1466.0
P2645 0.050184 1009.0 2079.0 1021.0 2112.0
P2678 0.993804 3344.0 547.0 3385.0 591.0
P2678 0.993433 3304.0 515.0 3349.0 552.0
P2678 0.990022 3611.0 418.0 3660.0 469.0
P2678 0.987294 3529.0 320.0 3573.0 368.0
P2678 0.986231 3580.0 474.0 3634.0 525.0
P2678 0.976664 3469.0 366.0 3531.0 430.0
P2678 0.937796 4059.0 1024.0 4087.0 1047.0
P2678 0.918961 3685.0 377.0 3726.0 418.0
P2678 0.911799 3523.0 434.0 3583.0 495.0
P2678 0.907786 3774.0 203.0 3827.0 249.0
P2678 0.885202 3521.0 522.0 3569.0 572.0
P2678 0.847641 3263.0 528.0 3318.0 581.0
P2678 0.751989 3630.0 316.0 3675.0 356.0
P2678 0.688909 3603.0 283.0 3649.0 328.0
P2678 0.661917 3653.0 469.0 3706.0 521.0
P2678 0.559769 3280.0 2015.0 3321.0 2044.0
P2678 0.465191 3374.0 582.0 3412.0 624.0
P2678 0.445978 3242.0 1995.0 3278.0 2019.0
P2678 0.371432 3713.0 415.0 3749.0 448.0
P2678 0.370711 3303.0 576.0 3352.0 618.0
P2678 0.319469 4105.0 1018.0 4135.0 1044.0
P2678 0.2513 3581.0 257.0 3620.0 293.0
P2678 0.230831 3397.0 533.0 3442.0 573.0
P2678 0.172414 3231.0 2027.0 3275.0 2046.0
P2678 0.148754 3358.0 484.0 3406.0 531.0
P2678 0.141289 4077.0 1043.0 4093.0 1071.0
P2678 0.137077 3858.0 289.0 3911.0 338.0
P2678 0.066004 3331.0 608.0 3379.0 654.0
P2678 0.051909 797.0 1727.0 834.0 1768.0
P2689 0.996919 2477.0 1572.0 2519.0 1616.0
P2689 0.996507 2422.0 1589.0 2466.0 1631.0
P2689 0.996379 2436.0 1646.0 2478.0 1685.0
P2689 0.982928 2374.0 1666.0 2421.0 1709.0
P2689 0.971884 2351.0 1612.0 2394.0 1656.0
P2695 0.999673 973.0 2002.0 1009.0 2033.0
P2695 0.999618 1451.0 1303.0 1487.0 1336.0
P2695 0.999563 1948.0 1733.0 1986.0 1770.0
P2695 0.9991 1891.0 1759.0 1929.0 1788.0
P2695 0.999094 749.0 2188.0 786.0 2222.0
P2695 0.998971 1912.0 1787.0 1950.0 1815.0
P2695 0.998932 1966.0 1778.0 2007.0 1817.0
P2695 0.998817 1409.0 1322.0 1444.0 1354.0
P2695 0.998705 711.0 2204.0 750.0 2238.0
P2695 0.998529 1447.0 611.0 1491.0 655.0
P2695 0.998327 1412.0 694.0 1460.0 740.0
P2695 0.998317 1756.0 723.0 1788.0 749.0
P2695 0.998214 1789.0 710.0 1819.0 734.0
P2695 0.998196 1472.0 1345.0 1502.0 1371.0
P2695 0.997844 1467.0 669.0 1516.0 717.0
P2695 0.997689 2036.0 817.0 2081.0 857.0
P2695 0.997647 1995.0 836.0 2030.0 874.0
P2695 0.997499 1385.0 635.0 1433.0 680.0
P2695 0.997287 1774.0 675.0 1806.0 703.0
P2695 0.996927 1358.0 1218.0 1390.0 1250.0
P2695 0.996915 1014.0 1983.0 1050.0 2015.0
P2695 0.996689 113.0 1861.0 156.0 1894.0
P2695 0.996002 1742.0 690.0 1773.0 717.0
P2695 0.995923 787.0 2170.0 826.0 2206.0
P2695 0.995765 1370.0 1249.0 1404.0 1282.0
P2695 0.99564 789.0 1950.0 818.0 1978.0
P2695 0.995393 640.0 2092.0 679.0 2122.0
P2695 0.995369 1388.0 1284.0 1418.0 1314.0
P2695 0.994506 1593.0 592.0 1628.0 620.0
P2695 0.993569 2007.0 660.0 2036.0 684.0
P2695 0.993313 982.0 1860.0 1019.0 1919.0
P2695 0.99293 767.0 2123.0 802.0 2153.0
P2695 0.992801 729.0 2017.0 762.0 2041.0
P2695 0.992173 1685.0 712.0 1740.0 758.0
P2695 0.99173 1418.0 1267.0 1452.0 1300.0
P2695 0.98833 1430.0 1364.0 1463.0 1390.0
P2695 0.985794 825.0 1937.0 849.0 1962.0
P2695 0.983633 1543.0 616.0 1569.0 643.0
P2695 0.983111 1182.0 1921.0 1227.0 1962.0
P2695 0.982663 714.0 1981.0 745.0 2009.0
P2695 0.981584 1695.0 1462.0 1728.0 1489.0
P2695 0.978641 1586.0 569.0 1612.0 589.0
P2695 0.975952 1404.0 1233.0 1436.0 1266.0
P2695 0.97524 1538.0 590.0 1555.0 615.0
P2695 0.971799 1063.0 1830.0 1119.0 1883.0
P2695 0.968789 1025.0 1862.0 1046.0 1913.0
P2695 0.964724 1607.0 640.0 1642.0 668.0
P2695 0.961992 1710.0 1497.0 1745.0 1519.0
P2695 0.956279 2021.0 692.0 2041.0 715.0
P2695 0.955971 2053.0 917.0 2080.0 959.0
P2695 0.950648 1558.0 665.0 1584.0 688.0
P2695 0.927394 1578.0 649.0 1620.0 680.0
P2695 0.92273 1560.0 578.0 1585.0 603.0
P2695 0.918441 1570.0 605.0 1596.0 631.0
P2695 0.907379 1720.0 1737.0 1758.0 1769.0
P2695 0.893285 2052.0 1695.0 2082.0 1720.0
P2695 0.883127 2993.0 551.0 3027.0 585.0
P2695 0.852166 1136.0 1794.0 1199.0 1851.0
P2695 0.849017 1429.0 1194.0 1452.0 1217.0
P2695 0.843171 909.0 1894.0 969.0 1951.0
P2695 0.808711 2066.0 1728.0 2096.0 1756.0
P2695 0.807515 627.0 1914.0 653.0 1934.0
P2695 0.739675 1654.0 1762.0 1695.0 1799.0
P2695 0.72162 2049.0 925.0 2061.0 959.0
P2695 0.709078 2022.0 931.0 2042.0 965.0
P2695 0.708864 1234.0 1753.0 1296.0 1807.0
P2695 0.708625 687.0 1995.0 711.0 2014.0
P2695 0.68807 826.0 2021.0 853.0 2040.0
P2695 0.662974 3217.0 1061.0 3239.0 1083.0
P2695 0.648178 2082.0 1679.0 2107.0 1696.0
P2695 0.61593 697.0 2017.0 724.0 2037.0
P2695 0.509466 2033.0 819.0 2045.0 853.0
P2695 0.458117 590.0 1931.0 619.0 1953.0
P2695 0.453159 1171.0 2089.0 1218.0 2132.0
P2695 0.423032 2013.0 1628.0 2039.0 1652.0
P2695 0.413187 169.0 1878.0 200.0 1899.0
P2695 0.366165 975.0 2083.0 1001.0 2102.0
P2695 0.33664 1988.0 1643.0 2012.0 1661.0
P2695 0.320646 1394.0 1209.0 1420.0 1235.0
P2695 0.287665 1539.0 574.0 1619.0 638.0
P2695 0.256661 1213.0 1989.0 1257.0 2017.0
P2695 0.247554 808.0 1984.0 832.0 2012.0
P2695 0.239022 1699.0 1864.0 1749.0 1910.0
P2695 0.234242 151.0 1838.0 171.0 1858.0
P2695 0.232608 1397.0 1160.0 1418.0 1178.0
P2695 0.220033 607.0 2032.0 624.0 2046.0
P2695 0.186897 2044.0 1618.0 2071.0 1638.0
P2695 0.165503 1158.0 371.0 1181.0 391.0
P2695 0.156944 648.0 2061.0 674.0 2080.0
P2695 0.138392 1366.0 1174.0 1387.0 1193.0
P2695 0.119323 2268.0 1458.0 2288.0 1479.0
P2695 0.10887 720.0 2072.0 741.0 2093.0
P2695 0.103799 981.0 2105.0 1006.0 2129.0
P2695 0.091642 639.0 1949.0 662.0 1967.0
P2695 0.075361 631.0 2020.0 650.0 2038.0
P2695 0.061077 2358.0 1449.0 2388.0 1471.0
P2695 0.056307 1012.0 1986.0 1021.0 2013.0
P2695 0.050954 2381.0 1591.0 2408.0 1609.0
P2695 0.050856 2108.0 1726.0 2130.0 1744.0
P2701 0.999575 2390.0 1561.0 2434.0 1604.0
P2701 0.999268 2332.0 1694.0 2366.0 1730.0
P2701 0.999233 2308.0 1733.0 2342.0 1770.0
P2701 0.99911 2293.0 1671.0 2330.0 1708.0
P2701 0.999068 2408.0 1639.0 2454.0 1681.0
P2701 0.998916 2341.0 1530.0 2386.0 1576.0
P2701 0.998883 2234.0 1688.0 2271.0 1723.0
P2701 0.998744 2222.0 1627.0 2256.0 1661.0
P2701 0.998702 2438.0 1591.0 2483.0 1635.0
P2701 0.998504 2267.0 1549.0 2312.0 1594.0
P2701 0.998502 2270.0 1711.0 2306.0 1745.0
P2701 0.99846 2311.0 1577.0 2357.0 1623.0
P2701 0.998416 3118.0 1941.0 3159.0 1981.0
P2701 0.998327 2359.0 1608.0 2405.0 1654.0
P2701 0.998288 2257.0 1647.0 2293.0 1685.0
P2701 0.998186 3287.0 1952.0 3327.0 1987.0
P2701 0.998125 3091.0 1985.0 3133.0 2025.0
P2701 0.997976 3146.0 1895.0 3189.0 1937.0
P2701 0.997781 3048.0 1901.0 3066.0 1934.0
P2701 0.997148 2297.0 1501.0 2340.0 1546.0
P2701 0.997103 2368.0 1716.0 2406.0 1754.0
P2701 0.997054 2345.0 1757.0 2380.0 1793.0
P2701 0.996898 3264.0 1994.0 3301.0 2031.0
P2701 0.996584 2753.0 2431.0 2803.0 2477.0
P2701 0.996581 3162.0 1968.0 3207.0 2007.0
P2701 0.996426 3136.0 2012.0 3180.0 2052.0
P2701 0.996405 3176.0 1850.0 3218.0 1892.0
P2701 0.996069 3314.0 1906.0 3354.0 1946.0
P2701 0.996033 2196.0 1666.0 2231.0 1699.0
P2701 0.995987 3190.0 1923.0 3233.0 1965.0
P2701 0.994264 3329.0 1973.0 3372.0 2015.0
P2701 0.994022 556.0 734.0 597.0 774.0
P2701 0.993718 3105.0 2054.0 3148.0 2098.0
P2701 0.993397 2738.0 2351.0 2782.0 2397.0
P2701 0.992736 3067.0 1871.0 3100.0 1901.0
P2701 0.992211 3219.0 1878.0 3262.0 1920.0
P2701 0.991265 3304.0 2018.0 3346.0 2058.0
P2701 0.991121 2992.0 1916.0 3024.0 1945.0
P2701 0.990761 3028.0 1937.0 3059.0 1967.0
P2701 0.989016 1051.0 1087.0 1093.0 1130.0
P2701 0.988983 2783.0 2381.0 2832.0 2431.0
P2701 0.988796 1289.0 1238.0 1326.0 1278.0
P2701 0.987128 3284.0 2067.0 3316.0 2102.0
P2701 0.985513 3089.0 1838.0 3124.0 1868.0
P2701 0.98331 3035.0 1849.0 3068.0 1880.0
P2701 0.983296 3060.0 2029.0 3102.0 2073.0
P2701 0.980299 1101.0 1117.0 1148.0 1162.0
P2701 0.976986 3113.0 1802.0 3145.0 1834.0
P2701 0.976409 2474.0 1491.0 2536.0 1534.0
P2701 0.975296 3245.0 2042.0 3272.0 2073.0
P2701 0.974331 2405.0 1448.0 2466.0 1506.0
P2701 0.971814 758.0 871.0 786.0 899.0
P2701 0.971654 2709.0 2402.0 2751.0 2447.0
P2701 0.970549 3014.0 1883.0 3046.0 1913.0
P2701 0.969202 1325.0 1326.0 1358.0 1363.0
P2701 0.968017 1027.0 1136.0 1063.0 1184.0
P2701 0.966476 3358.0 1933.0 3395.0 1971.0
P2701 0.965874 3076.0 1781.0 3111.0 1813.0
P2701 0.958697 3055.0 1817.0 3089.0 1847.0
P2701 0.957276 1072.0 1171.0 1116.0 1215.0
P2701 0.956354 354.0 611.0 395.0 646.0
P2701 0.95068 77.0 829.0 118.0 878.0
P2701 0.945296 732.0 915.0 760.0 941.0
P2701 0.94042 686.0 886.0 719.0 917.0
P2701 0.920218 102.0 772.0 150.0 816.0
P2701 0.914323 332.0 652.0 369.0 690.0
P2701 0.910691 25.0 797.0 65.0 837.0
P2701 0.906906 2475.0 1536.0 2532.0 1553.0
P2701 0.890093 432.0 660.0 469.0 695.0
P2701 0.8896 3008.0 1968.0 3038.0 2001.0
P2701 0.887573 1158.0 1147.0 1193.0 1186.0
P2701 0.88367 518.0 707.0 550.0 741.0
P2701 0.863179 1203.0 1183.0 1227.0 1213.0
P2701 0.837716 3250.0 2102.0 3288.0 2141.0
P2701 0.824821 1244.0 1210.0 1282.0 1245.0
P2701 0.8197 1418.0 1312.0 1447.0 1342.0
P2701 0.807289 2974.0 1950.0 3005.0 1981.0
P2701 0.772947 371.0 684.0 401.0 712.0
P2701 0.771165 1122.0 1198.0 1166.0 1245.0
P2701 0.769896 713.0 844.0 744.0 873.0
P2701 0.754569 2338.0 1401.0 2394.0 1454.0
P2701 0.75029 1460.0 1337.0 1517.0 1392.0
P2701 0.706673 605.0 762.0 654.0 805.0
P2701 0.699599 535.0 784.0 567.0 817.0
P2701 0.695212 1212.0 1260.0 1254.0 1294.0
P2701 0.600384 397.0 641.0 427.0 669.0
P2701 0.566996 473.0 685.0 512.0 718.0
P2701 0.492207 2301.0 1536.0 2330.0 1548.0
P2701 0.479342 1262.0 1290.0 1308.0 1334.0
P2701 0.303568 486.0 757.0 517.0 786.0
P2701 0.286657 3216.0 2083.0 3246.0 2116.0
P2701 0.250048 798.0 894.0 824.0 920.0
P2701 0.240941 2270.0 1360.0 2327.0 1418.0
P2701 0.187843 1332.0 1271.0 1354.0 1295.0
P2701 0.119873 449.0 730.0 482.0 760.0
P2701 0.110244 2395.0 1597.0 2428.0 1607.0
P2701 0.07624 406.0 708.0 439.0 737.0
P2701 0.052627 1347.0 1468.0 1366.0 1491.0
P2709 0.998876 2159.0 530.0 2202.0 571.0
P2709 0.998215 2123.0 516.0 2162.0 549.0
P2709 0.997438 415.0 1037.0 460.0 1084.0
P2709 0.997415 2140.0 476.0 2178.0 513.0
P2709 0.997269 1493.0 882.0 1526.0 918.0
P2709 0.996623 433.0 1092.0 478.0 1138.0
P2709 0.996496 2181.0 496.0 2220.0 533.0
P2709 0.996429 398.0 985.0 442.0 1030.0
P2709 0.99453 1459.0 548.0 1516.0 608.0
P2709 0.994489 465.0 1028.0 512.0 1069.0
P2709 0.993371 1392.0 541.0 1448.0 595.0
P2709 0.992484 1434.0 672.0 1491.0 729.0
P2709 0.992474 2197.0 458.0 2234.0 497.0
P2709 0.992407 2160.0 440.0 2196.0 477.0
P2709 0.99235 1394.0 857.0 1452.0 914.0
P2709 0.99198 1472.0 437.0 1508.0 474.0
P2709 0.990072 1311.0 911.0 1367.0 961.0
P2709 0.989781 1407.0 794.0 1465.0 854.0
P2709 0.989743 1503.0 848.0 1540.0 880.0
P2709 0.988593 1423.0 732.0 1478.0 792.0
P2709 0.988124 1446.0 610.0 1505.0 669.0
P2709 0.987101 1336.0 786.0 1395.0 840.0
P2709 0.987079 1382.0 919.0 1439.0 971.0
P2709 0.986781 1353.0 727.0 1407.0 780.0
P2709 0.986332 1542.0 863.0 1576.0 899.0
P2709 0.985814 1282.0 543.0 1351.0 610.0
P2709 0.98403 1263.0 616.0 1334.0 688.0
P2709 0.983336 1325.0 848.0 1381.0 901.0
P2709 0.980896 1364.0 664.0 1421.0 717.0
P2709 0.97978 1584.0 1955.0 1643.0 2001.0
P2709 0.979653 1769.0 2047.0 1829.0 2090.0
P2709 0.975618 1375.0 602.0 1435.0 655.0
P2709 0.973374 1557.0 1858.0 1614.0 1899.0
P2709 0.973293 1225.0 780.0 1299.0 850.0
P2709 0.972774 1525.0 1924.0 1581.0 1967.0
P2709 0.971441 1509.0 442.0 1585.0 511.0
P2709 0.9694 1411.0 472.0 1486.0 537.0
P2709 0.968323 1646.0 1985.0 1707.0 2032.0
P2709 0.967979 1570.0 2011.0 1653.0 2046.0
P2709 0.965026 1529.0 899.0 1561.0 931.0
P2709 0.964486 1591.0 1778.0 1644.0 1818.0
P2709 0.964391 1914.0 1863.0 1967.0 1899.0
P2709 0.964263 1581.0 279.0 1615.0 321.0
P2709 0.964082 1295.0 968.0 1356.0 1017.0
P2709 0.962336 1211.0 858.0 1281.0 926.0
P2709 0.961819 1683.0 1752.0 1732.0 1783.0
P2709 0.957983 1707.0 2016.0 1765.0 2061.0
P2709 0.956845 1879.0 1977.0 1933.0 2018.0
P2709 0.955386 1741.0 1947.0 1800.0 1991.0
P2709 0.954384 1621.0 1717.0 1670.0 1755.0
P2709 0.953135 1467.0 1891.0 1520.0 1936.0
P2709 0.950975 1542.0 261.0 1578.0 299.0
P2709 0.95096 1816.0 1949.0 1871.0 1992.0
P2709 0.945396 1829.0 1896.0 1880.0 1935.0
P2709 0.944116 1796.0 1805.0 1846.0 1842.0
P2709 0.941906 1768.0 1864.0 1822.0 1905.0
P2709 0.940516 1196.0 937.0 1266.0 1006.0
P2709 0.938871 1511.0 449.0 1534.0 504.0
P2709 0.937179 1502.0 512.0 1541.0 554.0
P2709 0.934465 1245.0 701.0 1314.0 769.0
P2709 0.930123 1782.0 2019.0 1835.0 2046.0
P2709 0.927916 449.0 959.0 496.0 1017.0
P2709 0.925635 1804.0 1976.0 1864.0 2023.0
P2709 0.925014 1973.0 1892.0 2025.0 1924.0
P2709 0.922312 1739.0 1776.0 1790.0 1813.0
P2709 0.918126 1830.0 2076.0 1887.0 2119.0
P2709 0.910739 1595.0 1924.0 1652.0 1972.0
P2709 0.910664 1866.0 2010.0 1923.0 2048.0
P2709 0.900201 1543.0 1894.0 1592.0 1942.0
P2709 0.899266 1297.0 470.0 1368.0 528.0
P2709 0.897244 1621.0 1889.0 1677.0 1929.0
P2709 0.895285 1615.0 256.0 1642.0 283.0
P2709 0.890977 1660.0 1956.0 1712.0 1998.0
P2709 0.839658 1754.0 1918.0 1807.0 1965.0
P2709 0.831236 1929.0 1829.0 1979.0 1867.0
P2709 0.822601 1649.0 1807.0 1703.0 1846.0
P2709 0.821833 1614.0 300.0 1651.0 336.0
P2709 0.819408 1307.0 512.0 1360.0 527.0
P2709 0.802275 1501.0 1830.0 1557.0 1869.0
P2709 0.799647 1839.0 2046.0 1900.0 2088.0
P2709 0.790071 1629.0 1855.0 1686.0 1904.0
P2709 0.78641 1985.0 1858.0 2035.0 1893.0
P2709 0.783544 1486.0 917.0 1516.0 948.0
P2709 0.771578 1543.0 1755.0 1588.0 1786.0
P2709 0.734338 1568.0 1827.0 1626.0 1873.0
P2709 0.730186 1707.0 1837.0 1762.0 1876.0
P2709 0.728786 1679.0 1914.0 1737.0 1962.0
P2709 0.718315 1693.0 1886.0 1749.0 1933.0
P2709 0.677531 1570.0 1693.0 1618.0 1727.0
P2709 0.664596 1718.0 1986.0 1776.0 2029.0
P2709 0.644031 1808.0 1771.0 1862.0 1815.0
P2709 0.56599 1560.0 229.0 1585.0 257.0
P2709 0.510049 1611.0 754.0 1645.0 787.0
P2709 0.439862 1221.0 749.0 1247.0 772.0
P2709 0.429517 1720.0 1804.0 1771.0 1849.0
P2709 0.407458 1680.0 2061.0 1761.0 2128.0
P2709 0.390905 1486.0 1965.0 1563.0 2024.0
P2709 0.37806 1755.0 1745.0 1802.0 1784.0
P2709 0.364964 1634.0 1687.0 1685.0 1727.0
P2709 0.356067 1537.0 1985.0 1559.0 2034.0
P2709 0.270552 1686.0 369.0 1707.0 390.0
P2709 0.256243 1548.0 304.0 1576.0 332.0
P2709 0.229933 1601.0 1749.0 1654.0 1797.0
P2709 0.211213 1537.0 1810.0 1562.0 1847.0
P2709 0.188844 1644.0 271.0 1667.0 296.0
P2709 0.177165 781.0 963.0 826.0 1008.0
P2709 0.108557 402.0 1024.0 440.0 1034.0
P2709 0.063438 1537.0 1837.0 1555.0 1864.0
P2714 0.196983 2560.0 1854.0 2616.0 1901.0
P2718 0.210872 984.0 1671.0 1004.0 1716.0
P2718 0.113285 2738.0 885.0 2770.0 908.0
P2718 0.098679 3073.0 2009.0 3102.0 2040.0
P2718 0.079366 3122.0 1995.0 3158.0 2024.0
P2718 0.07482 2034.0 259.0 2046.0 281.0
P2718 0.06021 1406.0 2069.0 1436.0 2102.0
P2718 0.053639 1006.0 1716.0 1022.0 1739.0
P2721 0.270222 2111.0 247.0 2159.0 288.0
P2721 0.096691 1739.0 755.0 1774.0 797.0
P2721 0.063398 1163.0 1365.0 1187.0 1406.0
P2722 0.255699 3552.0 365.0 3581.0 393.0
P2722 0.085463 893.0 556.0 929.0 589.0
P2724 0.975441 3321.0 1556.0 3355.0 1597.0
P2726 0.07544 3.0 2507.0 31.0 2558.0
P2733 0.998208 936.0 565.0 985.0 618.0
P2733 0.996351 885.0 565.0 936.0 616.0
P2733 0.993962 991.0 566.0 1022.0 610.0
P2733 0.987934 886.0 621.0 937.0 669.0
P2733 0.969939 1030.0 569.0 1071.0 607.0
P2733 0.955623 933.0 618.0 983.0 671.0
P2733 0.380212 981.0 566.0 1106.0 609.0
P2733 0.244299 1067.0 569.0 1103.0 606.0
P2733 0.21286 991.0 619.0 1021.0 656.0
P2733 0.125011 958.0 512.0 997.0 529.0
P2733 0.079831 1314.0 1217.0 1367.0 1261.0
P2733 0.074834 1350.0 1790.0 1386.0 1829.0
P2745 0.999359 1076.0 1270.0 1110.0 1306.0
P2745 0.999356 1032.0 1798.0 1069.0 1836.0
P2745 0.999083 984.0 1821.0 1016.0 1857.0
P2745 0.998777 1505.0 1550.0 1555.0 1601.0
P2745 0.998687 655.0 1068.0 693.0 1113.0
P2745 0.99866 1140.0 1251.0 1174.0 1288.0
P2745 0.99861 1999.0 1773.0 2037.0 1814.0
P2745 0.998404 1158.0 1294.0 1195.0 1327.0
P2745 0.997701 1081.0 1774.0 1120.0 1813.0
P2745 0.997691 1056.0 1847.0 1095.0 1886.0
P2745 0.997207 1097.0 1312.0 1130.0 1343.0
P2745 0.99657 2055.0 1821.0 2090.0 1861.0
P2745 0.996524 2098.0 1843.0 2135.0 1885.0
P2745 0.996154 635.0 1025.0 679.0 1063.0
P2745 0.995832 1041.0 1939.0 1077.0 1976.0
P2745 0.995822 1624.0 1582.0 1676.0 1634.0
P2745 0.995713 1621.0 1643.0 1673.0 1695.0
P2745 0.995378 1096.0 1936.0 1132.0 1973.0
P2745 0.994971 1107.0 1822.0 1145.0 1862.0
P2745 0.993812 1749.0 1585.0 1796.0 1638.0
P2745 0.992916 1119.0 1889.0 1159.0 1928.0
P2745 0.992505 1024.0 1874.0 1037.0 1908.0
P2745 0.991122 1889.0 1597.0 1938.0 1651.0
P2745 0.989524 1974.0 1732.0 2011.0 1775.0
P2745 0.988578 1538.0 1623.0 1579.0 1681.0
P2745 0.987555 674.0 1184.0 727.0 1243.0
P2745 0.985795 776.0 996.0 825.0 1050.0
P2745 0.985603 762.0 1154.0 814.0 1205.0
P2745 0.979546 1999.0 1550.0 2042.0 1604.0
P2745 0.978437 887.0 1204.0 938.0 1255.0
P2745 0.978097 844.0 1112.0 895.0 1169.0
P2745 0.975857 2105.0 1556.0 2152.0 1604.0
P2745 0.975209 1746.0 1647.0 1797.0 1702.0
P2745 0.974971 1220.0 1273.0 1250.0 1302.0
P2745 0.969635 1304.0 1661.0 1328.0 1690.0
P2745 0.964088 804.0 1241.0 857.0 1301.0
P2745 0.958692 735.0 914.0 782.0 964.0
P2745 0.952895 1263.0 1682.0 1289.0 1706.0
P2745 0.947151 1154.0 1784.0 1182.0 1814.0
P2745 0.928743 721.0 1286.0 773.0 1342.0
P2745 0.928507 1205.0 1240.0 1234.0 1271.0
P2745 0.926212 1010.0 1874.0 1021.0 1906.0
P2745 0.920602 1974.0 1138.0 2028.0 1191.0
P2745 0.889168 2565.0 1056.0 2625.0 1126.0
P2745 0.888863 2397.0 1117.0 2453.0 1179.0
P2745 0.825653 1065.0 1986.0 1103.0 2025.0
P2745 0.804227 1137.0 1744.0 1162.0 1773.0
P2745 0.793185 2261.0 1136.0 2315.0 1189.0
P2745 0.765693 2123.0 1150.0 2174.0 1204.0
P2745 0.725019 1816.0 962.0 1861.0 1013.0
P2745 0.664702 1380.0 1629.0 1404.0 1656.0
P2745 0.652773 1846.0 1151.0 1901.0 1209.0
P2745 0.612182 1883.0 1675.0 1937.0 1731.0
P2745 0.610125 618.0 1089.0 641.0 1113.0
P2745 0.560119 1418.0 1611.0 1445.0 1637.0
P2745 0.270594 1520.0 1633.0 1532.0 1676.0
P2745 0.206306 623.0 1105.0 646.0 1136.0
P2745 0.145644 1170.0 1990.0 1194.0 2014.0
P2754 0.992788 1252.0 3276.0 1298.0 3318.0
P2754 0.991337 1199.0 3367.0 1235.0 3401.0
P2754 0.989273 1293.0 3214.0 1339.0 3254.0
P2754 0.984392 1508.0 3156.0 1553.0 3197.0
P2754 0.977937 1557.0 3185.0 1610.0 3233.0
P2754 0.956456 1109.0 3314.0 1137.0 3339.0
P2754 0.951023 1227.0 3168.0 1271.0 3211.0
P2754 0.856331 1129.0 3277.0 1164.0 3311.0
P2754 0.826731 872.0 3117.0 903.0 3147.0
P2754 0.653114 1605.0 3113.0 1649.0 3150.0
P2754 0.559048 1147.0 3323.0 1200.0 3371.0
P2754 0.55508 1222.0 3328.0 1255.0 3358.0
P2754 0.51082 965.0 3058.0 1001.0 3090.0
P2754 0.497899 1528.0 3091.0 1579.0 3136.0
P2754 0.454182 1179.0 3270.0 1235.0 3317.0
P2754 0.249454 1001.0 3077.0 1020.0 3109.0
P2754 0.249278 1432.0 3274.0 1483.0 3320.0
P2754 0.167721 1154.0 3253.0 1180.0 3273.0
P2754 0.109399 1419.0 3090.0 1453.0 3124.0
P2758 0.210043 6607.0 2536.0 6640.0 2573.0
P2758 0.135576 340.0 363.0 376.0 406.0
P2758 0.075276 6638.0 2542.0 6688.0 2601.0
P2758 0.061678 6597.0 2643.0 6643.0 2693.0
P2766 0.996381 2319.0 2308.0 2368.0 2346.0
P2766 0.995442 1664.0 2385.0 1711.0 2429.0
P2766 0.99542 2316.0 2351.0 2371.0 2395.0
P2766 0.991895 2319.0 2399.0 2371.0 2439.0
P2766 0.98808 2687.0 2110.0 2734.0 2156.0
P2766 0.987142 2283.0 2393.0 2324.0 2425.0
P2766 0.983515 2283.0 2358.0 2323.0 2390.0
P2766 0.981456 956.0 2376.0 1002.0 2413.0
P2766 0.981366 970.0 3579.0 1015.0 3617.0
P2766 0.980357 2384.0 2064.0 2434.0 2106.0
P2766 0.978962 2751.0 2111.0 2796.0 2156.0
P2766 0.977549 958.0 2329.0 1000.0 2367.0
P2766 0.967408 4941.0 2492.0 4996.0 2556.0
P2766 0.964484 2280.0 2283.0 2324.0 2315.0
P2766 0.963332 1140.0 3846.0 1209.0 3915.0
P2766 0.940709 2282.0 2321.0 2320.0 2348.0
P2766 0.93917 4941.0 2424.0 4997.0 2480.0
P2766 0.933747 2131.0 833.0 2168.0 858.0
P2766 0.920838 2767.0 2174.0 2818.0 2226.0
P2766 0.905292 973.0 3714.0 1016.0 3751.0
P2766 0.900275 1673.0 3887.0 1709.0 3926.0
P2766 0.882024 2357.0 2282.0 2398.0 2311.0
P2766 0.875881 1016.0 3715.0 1057.0 3752.0
P2766 0.864724 2641.0 2300.0 2735.0 2383.0
P2766 0.857819 1230.0 3844.0 1308.0 3915.0
P2766 0.842226 2503.0 2833.0 2533.0 2864.0
P2766 0.832042 1635.0 2009.0 1672.0 2042.0
P2766 0.829941 1691.0 3844.0 1737.0 3884.0
P2766 0.825734 1673.0 5076.0 1725.0 5122.0
P2766 0.82461 2440.0 2063.0 2487.0 2106.0
P2766 0.81329 969.0 3625.0 1013.0 3659.0
P2766 0.769302 1975.0 3742.0 2006.0 3774.0
P2766 0.768609 5010.0 2467.0 5063.0 2514.0
P2766 0.733363 4935.0 2563.0 4976.0 2608.0
P2766 0.728598 2814.0 2108.0 2863.0 2162.0
P2766 0.72286 2562.0 2405.0 2587.0 2429.0
P2766 0.717387 2698.0 2173.0 2749.0 2226.0
P2766 0.714256 1442.0 3018.0 1511.0 3090.0
P2766 0.701895 2121.0 802.0 2172.0 830.0
P2766 0.696389 1990.0 5181.0 2035.0 5225.0
P2766 0.686214 1320.0 2071.0 1361.0 2106.0
P2766 0.67381 1017.0 3673.0 1049.0 3705.0
P2766 0.664032 2845.0 3734.0 2890.0 3775.0
P2766 0.652421 972.0 3673.0 1007.0 3705.0
P2766 0.631602 2008.0 3762.0 2040.0 3791.0
P2766 0.623189 2495.0 2867.0 2548.0 2910.0
P2766 0.612145 1016.0 3626.0 1048.0 3652.0
P2766 0.597824 2414.0 2802.0 2465.0 2857.0
P2766 0.573502 2286.0 3770.0 2370.0 3840.0
P2766 0.560874 1729.0 2381.0 1768.0 2420.0
P2766 0.558298 1739.0 3866.0 1784.0 3906.0
P2766 0.554601 1354.0 3859.0 1409.0 3914.0
P2766 0.55334 1067.0 3849.0 1119.0 3912.0
P2766 0.551793 1141.0 3929.0 1206.0 4002.0
P2766 0.527501 2341.0 2182.0 2388.0 2222.0
P2766 0.525453 1434.0 3926.0 1490.0 3982.0
P2766 0.508366 1030.0 3128.0 1064.0 3159.0
P2766 0.49336 5013.0 2421.0 5060.0 2464.0
P2766 0.487208 1013.0 3582.0 1049.0 3617.0
P2766 0.439336 4986.0 2562.0 5034.0 2605.0
P2766 0.433907 2561.0 2382.0 2587.0 2411.0
P2766 0.431789 2109.0 833.0 2139.0 859.0
P2766 0.418621 3286.0 3073.0 3330.0 3124.0
P2766 0.418007 1274.0 2290.0 1314.0 2329.0
P2766 0.382564 1428.0 3839.0 1493.0 3896.0
P2766 0.372136 1024.0 2196.0 1039.0 2220.0
P2766 0.351656 2749.0 2325.0 2781.0 2355.0
P2766 0.303082 2111.0 803.0 2139.0 831.0
P2766 0.295523 2132.0 862.0 2165.0 885.0
P2766 0.27558 1320.0 2111.0 1361.0 2140.0
P2766 0.274987 1591.0 2393.0 1644.0 2438.0
P2766 0.2713 1025.0 2164.0 1036.0 2195.0
P2766 0.258981 1034.0 3096.0 1117.0 3170.0
P2766 0.250581 1730.0 2456.0 1766.0 2499.0
P2766 0.249345 969.0 3766.0 1007.0 3799.0
P2766 0.243789 1236.0 3926.0 1305.0 3998.0
P2766 0.229251 2591.0 2403.0 2658.0 2468.0
P2766 0.220456 2145.0 4964.0 2209.0 5020.0
P2766 0.211164 2877.0 2109.0 2944.0 2161.0
P2766 0.181755 2571.0 2349.0 2597.0 2374.0
P2766 0.167733 2461.0 267.0 2513.0 314.0
P2766 0.161184 1443.0 3073.0 1511.0 3090.0
P2766 0.157855 1682.0 2459.0 1720.0 2497.0
P2766 0.147431 1598.0 2996.0 1648.0 3052.0
P2766 0.143414 1748.0 5144.0 1774.0 5169.0
P2766 0.130799 2355.0 2772.0 2409.0 2822.0
P2766 0.121144 1538.0 3838.0 1582.0 3898.0
P2766 0.112549 2234.0 1926.0 2258.0 1948.0
P2766 0.109564 2629.0 2496.0 2669.0 2529.0
P2766 0.106893 1773.0 2459.0 1810.0 2500.0
P2766 0.101304 2833.0 2180.0 2872.0 2221.0
P2766 0.097639 3977.0 543.0 4025.0 584.0
P2766 0.095034 939.0 2328.0 1007.0 2420.0
P2766 0.09141 968.0 3129.0 989.0 3151.0
P2766 0.088604 1895.0 2301.0 1927.0 2331.0
P2766 0.08108 1895.0 2536.0 1921.0 2561.0
P2766 0.072854 2670.0 2409.0 2730.0 2468.0
P2766 0.066779 1582.0 2454.0 1624.0 2500.0
P2766 0.063988 1503.0 3908.0 1566.0 3958.0
P2766 0.058551 2610.0 2160.0 2674.0 2218.0
P2766 0.056661 273.0 371.0 297.0 408.0
P2766 0.051804 1069.0 3931.0 1118.0 3997.0
P2768 0.245912 394.0 689.0 418.0 709.0
P2791 0.83157 3326.0 3185.0 3411.0 3284.0
P2802 0.506432 2601.0 1472.0 2636.0 1504.0
P2802 0.080547 1005.0 1900.0 1021.0 1931.0
