P0003 0.228202 488.0 15.0 516.0 80.0
P0007 0.081373 1071.0 978.0 1130.0 1022.0
P0019 0.212783 5100.0 3641.0 5118.0 3672.0
P0019 0.094668 5077.0 677.0 5118.0 845.0
P0060 0.999098 406.0 1487.0 449.0 1524.0
P0060 0.998829 2442.0 1971.0 2496.0 2002.0
P0060 0.998665 94.0 1612.0 152.0 1646.0
P0060 0.998276 668.0 78.0 725.0 123.0
P0060 0.998235 2243.0 1695.0 2277.0 1751.0
P0060 0.9982 1861.0 1621.0 1906.0 1650.0
P0060 0.998176 2446.0 1418.0 2480.0 1472.0
P0060 0.998105 2584.0 1592.0 2621.0 1641.0
P0060 0.99809 2243.0 1394.0 2290.0 1429.0
P0060 0.998075 2672.0 1225.0 2714.0 1274.0
P0060 0.997923 2070.0 630.0 2121.0 662.0
P0060 0.997829 2700.0 529.0 2747.0 571.0
P0060 0.997788 2364.0 746.0 2391.0 797.0
P0060 0.997743 861.0 1537.0 901.0 1570.0
P0060 0.997691 660.0 1353.0 710.0 1383.0
P0060 0.997616 3050.0 426.0 3099.0 456.0
P0060 0.997556 802.0 985.0 846.0 1022.0
P0060 0.997405 2638.0 519.0 2686.0 561.0
P0060 0.997389 1784.0 1319.0 1833.0 1351.0
P0060 0.997343 940.0 1092.0 991.0 1134.0
P0060 0.997307 659.0 1454.0 707.0 1510.0
P0060 0.99726 805.0 370.0 850.0 402.0
P0060 0.997171 2778.0 524.0 2813.0 573.0
P0060 0.997164 713.0 622.0 755.0 656.0
P0060 0.996947 722.0 1520.0 766.0 1551.0
P0060 0.996944 1426.0 788.0 1460.0 831.0
P0060 0.996942 2578.0 512.0 2616.0 560.0
P0060 0.996867 528.0 638.0 578.0 666.0
P0060 0.996851 2007.0 936.0 2036.0 984.0
P0060 0.996834 473.0 1497.0 518.0 1530.0
P0060 0.996773 1730.0 1349.0 1774.0 1379.0
P0060 0.996718 417.0 1138.0 446.0 1189.0
P0060 0.996695 2939.0 1618.0 2986.0 1642.0
P0060 0.996532 833.0 1570.0 879.0 1594.0
P0060 0.996396 372.0 598.0 414.0 628.0
P0060 0.996351 1149.0 645.0 1202.0 693.0
P0060 0.996173 2374.0 1967.0 2417.0 1999.0
P0060 0.996166 2069.0 1350.0 2118.0 1375.0
P0060 0.996142 3136.0 1283.0 3198.0 1322.0
P0060 0.99591 417.0 630.0 458.0 667.0
P0060 0.995807 3158.0 1997.0 3205.0 2045.0
P0060 0.99573 1695.0 1614.0 1739.0 1641.0
P0060 0.995719 1783.0 1354.0 1826.0 1393.0
P0060 0.995648 2950.0 127.0 2987.0 186.0
P0060 0.995557 1406.0 1286.0 1449.0 1316.0
P0060 0.995484 2665.0 888.0 2696.0 934.0
P0060 0.995398 1393.0 1318.0 1447.0 1350.0
P0060 0.99518 2026.0 512.0 2070.0 549.0
P0060 0.995154 2146.0 1382.0 2197.0 1416.0
P0060 0.995072 1556.0 1337.0 1600.0 1369.0
P0060 0.995022 3172.0 1335.0 3212.0 1390.0
P0060 0.994946 2880.0 1455.0 2914.0 1503.0
P0060 0.994822 382.0 1231.0 405.0 1272.0
P0060 0.994786 2027.0 1024.0 2052.0 1078.0
P0060 0.994741 1694.0 1300.0 1744.0 1345.0
P0060 0.994504 1263.0 1835.0 1301.0 1896.0
P0060 0.994479 2831.0 378.0 2882.0 411.0
P0060 0.994466 3267.0 570.0 3314.0 615.0
P0060 0.994444 2051.0 1378.0 2088.0 1405.0
P0060 0.994388 2579.0 1689.0 2611.0 1734.0
P0060 0.994341 173.0 1750.0 205.0 1793.0
P0060 0.994321 1742.0 702.0 1774.0 759.0
P0060 0.994317 3106.0 1307.0 3143.0 1350.0
P0060 0.994258 2200.0 1654.0 2244.0 1682.0
P0060 0.994055 1206.0 1251.0 1261.0 1287.0
P0060 0.994033 2291.0 1368.0 2344.0 1397.0
P0060 0.993969 2338.0 493.0 2382.0 535.0
P0060 0.993817 186.0 315.0 239.0 353.0
P0060 0.993462 2318.0 1398.0 2365.0 1427.0
P0060 0.993309 1142.0 390.0 1171.0 438.0
P0060 0.993134 987.0 1156.0 1027.0 1190.0
P0060 0.993127 1572.0 985.0 1602.0 1030.0
P0060 0.9931 3348.0 1916.0 3393.0 1951.0
P0060 0.992897 1242.0 1672.0 1288.0 1717.0
P0060 0.992481 556.0 907.0 596.0 944.0
P0060 0.992436 2277.0 1963.0 2322.0 1996.0
P0060 0.992258 93.0 1715.0 126.0 1759.0
P0060 0.99207 1032.0 1134.0 1071.0 1182.0
P0060 0.992035 1308.0 1001.0 1342.0 1038.0
P0060 0.991924 2033.0 1937.0 2076.0 1967.0
P0060 0.991406 2133.0 1952.0 2174.0 1982.0
P0060 0.991392 2299.0 1699.0 2332.0 1739.0
P0060 0.990629 1125.0 1213.0 1167.0 1243.0
P0060 0.990514 1461.0 416.0 1506.0 463.0
P0060 0.990506 874.0 1044.0 913.0 1084.0
P0060 0.989777 2438.0 1105.0 2477.0 1129.0
P0060 0.989676 1320.0 1526.0 1338.0 1565.0
P0060 0.989061 2225.0 1949.0 2265.0 1991.0
P0060 0.988958 2937.0 901.0 2979.0 946.0
P0060 0.988526 3310.0 268.0 3350.0 325.0
P0060 0.988351 157.0 365.0 189.0 415.0
P0060 0.98833 129.0 767.0 157.0 809.0
P0060 0.9883 2978.0 868.0 3033.0 915.0
P0060 0.988034 2400.0 1376.0 2441.0 1403.0
P0060 0.987903 3190.0 565.0 3221.0 624.0
P0060 0.9878 141.0 592.0 167.0 633.0
P0060 0.987711 3268.0 931.0 3290.0 975.0
P0060 0.987628 738.0 1254.0 774.0 1302.0
P0060 0.986371 2875.0 1791.0 2908.0 1834.0
P0060 0.986344 354.0 1600.0 386.0 1643.0
P0060 0.986239 1684.0 1638.0 1735.0 1659.0
P0060 0.985877 2645.0 681.0 2682.0 720.0
P0060 0.985714 2668.0 1164.0 2711.0 1199.0
P0060 0.985623 2339.0 770.0 2363.0 815.0
P0060 0.985574 1270.0 946.0 1318.0 988.0
P0060 0.984075 2558.0 1805.0 2600.0 1835.0
P0060 0.983657 3398.0 1514.0 3440.0 1534.0
P0060 0.982641 2021.0 740.0 2041.0 789.0
P0060 0.982194 134.0 715.0 161.0 758.0
P0060 0.980665 1596.0 1604.0 1645.0 1630.0
P0060 0.980323 1391.0 770.0 1422.0 828.0
P0060 0.979741 1303.0 1833.0 1328.0 1885.0
P0060 0.979339 2043.0 862.0 2070.0 910.0
P0060 0.979256 800.0 2019.0 824.0 2062.0
P0060 0.979142 2808.0 1299.0 2846.0 1330.0
P0060 0.978217 911.0 732.0 960.0 783.0
P0060 0.975914 2027.0 486.0 2045.0 537.0
P0060 0.971485 663.0 652.0 684.0 688.0
P0060 0.967713 2372.0 676.0 2393.0 722.0
P0060 0.965046 406.0 1322.0 431.0 1362.0
P0060 0.964245 3351.0 1868.0 3375.0 1915.0
P0060 0.960753 1795.0 1925.0 1837.0 1950.0
P0060 0.959789 373.0 1377.0 400.0 1438.0
P0060 0.958359 3200.0 1745.0 3225.0 1797.0
P0060 0.95519 480.0 938.0 512.0 971.0
P0060 0.95192 2653.0 2005.0 2692.0 2027.0
P0060 0.948208 514.0 1542.0 546.0 1562.0
P0060 0.946392 994.0 1852.0 1022.0 1878.0
P0060 0.943303 3372.0 1585.0 3404.0 1635.0
P0060 0.926417 459.0 1803.0 490.0 1823.0
P0060 0.896014 2918.0 872.0 2980.0 900.0
P0060 0.890489 3363.0 1710.0 3391.0 1754.0
P0060 0.888477 2912.0 1992.0 2958.0 2029.0
P0060 0.886708 346.0 1985.0 370.0 2027.0
P0060 0.880384 109.0 1370.0 138.0 1398.0
P0060 0.854613 3415.0 1466.0 3441.0 1490.0
P0060 0.822927 2340.0 659.0 2369.0 690.0
P0060 0.817047 2828.0 1372.0 2871.0 1418.0
P0060 0.805087 2019.0 1668.0 2046.0 1688.0
P0060 0.79055 393.0 1530.0 439.0 1553.0
P0060 0.765618 1537.0 972.0 1553.0 1007.0
P0060 0.747456 2190.0 190.0 2219.0 208.0
P0060 0.705949 1701.0 117.0 1718.0 146.0
P0060 0.648789 1311.0 1027.0 1345.0 1046.0
P0060 0.602287 3226.0 437.0 3273.0 466.0
P0060 0.549555 2884.0 2201.0 2911.0 2233.0
P0060 0.546923 3231.0 1150.0 3272.0 1194.0
P0060 0.496929 2492.0 1453.0 2537.0 1494.0
P0060 0.430516 1025.0 1848.0 1050.0 1880.0
P0060 0.39865 2028.0 1936.0 2046.0 1961.0
P0060 0.397849 1762.0 1023.0 1799.0 1039.0
P0060 0.303045 3169.0 1522.0 3213.0 1534.0
P0060 0.241228 921.0 1111.0 976.0 1143.0
P0060 0.206626 1949.0 1935.0 1986.0 1959.0
P0060 0.178227 718.0 1321.0 760.0 1350.0
P0060 0.148552 2915.0 1891.0 2946.0 1910.0
P0060 0.142885 2840.0 1291.0 2884.0 1333.0
P0060 0.142624 2907.0 1880.0 2941.0 1898.0
P0060 0.133285 3028.0 1024.0 3065.0 1049.0
P0060 0.118508 1246.0 1770.0 1293.0 1805.0
P0060 0.096891 1976.0 1010.0 2008.0 1022.0
P0060 0.0811 3111.0 1971.0 3151.0 2011.0
P0060 0.078823 2727.0 1148.0 2760.0 1183.0
P0060 0.07453 3048.0 991.0 3070.0 1019.0
P0060 0.067966 2028.0 999.0 2046.0 1022.0
P0060 0.053869 1536.0 999.0 1554.0 1020.0
P0075 0.99564 222.0 102.0 258.0 146.0
P0079 0.999555 601.0 474.0 667.0 526.0
P0086 0.99888 67.0 1311.0 231.0 1436.0
P0086 0.99343 853.0 342.0 925.0 415.0
P0104 0.994019 179.0 15.0 307.0 129.0
P0104 0.078977 145.0 163.0 193.0 175.0
P0110 0.912386 2384.0 1350.0 2440.0 1381.0
P0128 0.935281 633.0 742.0 651.0 772.0
P0128 0.755049 523.0 626.0 556.0 663.0
P0128 0.544278 836.0 1303.0 1022.0 1529.0
P0128 0.536231 518.0 822.0 673.0 945.0
P0128 0.297425 664.0 945.0 752.0 1014.0
P0128 0.28997 557.0 1062.0 945.0 1272.0
P0128 0.17601 633.0 828.0 656.0 867.0
P0128 0.153983 551.0 548.0 584.0 579.0
P0128 0.150853 842.0 1129.0 921.0 1198.0
P0128 0.09781 335.0 883.0 451.0 975.0
P0128 0.097512 1079.0 105.0 1118.0 151.0
P0128 0.077521 637.0 902.0 714.0 982.0
P0130 0.959784 599.0 384.0 630.0 411.0
P0130 0.471282 466.0 96.0 484.0 117.0
P0130 0.440813 684.0 574.0 698.0 601.0
P0130 0.371275 371.0 467.0 398.0 482.0
P0130 0.335308 420.0 663.0 444.0 677.0
P0130 0.316393 88.0 260.0 102.0 284.0
P0130 0.174389 446.0 831.0 467.0 848.0
P0130 0.141312 110.0 658.0 126.0 673.0
P0130 0.079765 409.0 613.0 431.0 626.0
P0131 0.9983 1.0 272.0 30.0 306.0
P0131 0.997566 1325.0 298.0 1372.0 323.0
P0131 0.997414 199.0 1052.0 252.0 1079.0
P0131 0.995983 1385.0 263.0 1436.0 291.0
P0131 0.995929 294.0 925.0 320.0 965.0
P0131 0.995786 1418.0 1128.0 1443.0 1178.0
P0131 0.994224 1393.0 300.0 1443.0 327.0
P0131 0.993775 1.0 719.0 27.0 769.0
P0131 0.991065 282.0 838.0 310.0 880.0
P0131 0.990918 946.0 1077.0 995.0 1105.0
P0131 0.990752 286.0 473.0 312.0 515.0
P0131 0.98557 9.0 1047.0 55.0 1081.0
P0131 0.984369 363.0 1084.0 409.0 1108.0
P0131 0.984314 1322.0 270.0 1363.0 294.0
P0131 0.984228 1343.0 555.0 1378.0 585.0
P0131 0.980842 582.0 1080.0 633.0 1104.0
P0131 0.979623 293.0 652.0 319.0 697.0
P0131 0.973298 1409.0 559.0 1450.0 577.0
P0131 0.965503 1464.0 505.0 1498.0 541.0
P0131 0.965478 799.0 1078.0 837.0 1099.0
P0131 0.848369 1517.0 1073.0 1534.0 1099.0
P0131 0.77898 512.0 1075.0 527.0 1108.0
P0131 0.703284 429.0 1267.0 470.0 1278.0
P0131 0.476463 445.0 1087.0 491.0 1111.0
P0131 0.334257 1330.0 524.0 1367.0 546.0
P0131 0.158898 1404.0 513.0 1447.0 535.0
P0131 0.075865 20.0 987.0 51.0 1003.0
P0146 0.45731 1024.0 1712.0 1040.0 1756.0
P0161 0.628656 2343.0 262.0 2397.0 309.0
P0161 0.061205 2003.0 1690.0 2028.0 1706.0
P0179 0.987883 675.0 2883.0 763.0 2931.0
P0179 0.456905 2850.0 3960.0 2905.0 3988.0
P0179 0.19992 879.0 3175.0 898.0 3216.0
P0198 0.777579 256.0 544.0 296.0 603.0
P0198 0.350234 314.0 918.0 344.0 979.0
P0198 0.314774 169.0 547.0 213.0 569.0
P0198 0.276506 115.0 906.0 146.0 996.0
P0198 0.133768 317.0 1054.0 341.0 1110.0
P0198 0.066612 313.0 983.0 344.0 1046.0
P0217 0.131066 1144.0 479.0 1179.0 512.0
P0228 0.973393 1323.0 481.0 1384.0 525.0
P0331 0.999635 243.0 1024.0 345.0 1111.0
P0331 0.9992 435.0 1158.0 533.0 1283.0
P0331 0.999171 643.0 1582.0 749.0 1675.0
P0331 0.998884 891.0 1759.0 979.0 1833.0
P0331 0.998348 594.0 1348.0 658.0 1420.0
P0331 0.990135 512.0 1189.0 533.0 1297.0
P0331 0.98418 1615.0 1978.0 1671.0 2054.0
P0331 0.972856 1702.0 2030.0 1830.0 2128.0
P0331 0.334375 1709.0 2035.0 1754.0 2046.0
P0331 0.091032 1.0 1662.0 29.0 1716.0
P0336 0.998909 1875.0 226.0 1960.0 305.0
P0336 0.997403 649.0 194.0 734.0 261.0
P0336 0.99149 1623.0 224.0 1708.0 278.0
P0336 0.90358 325.0 24.0 412.0 102.0
P0336 0.382154 1872.0 306.0 1942.0 336.0
P0336 0.217956 1921.0 385.0 1946.0 414.0
P0336 0.093794 2555.0 387.0 2684.0 440.0
P0353 0.138982 737.0 653.0 780.0 705.0
P0374 0.160331 1028.0 181.0 1120.0 232.0
P0420 0.998223 28.0 304.0 60.0 345.0
P0420 0.994331 710.0 18.0 763.0 78.0
P0420 0.982744 146.0 253.0 183.0 302.0
P0420 0.196929 397.0 94.0 427.0 106.0
P0432 0.449692 249.0 65.0 284.0 98.0
P0432 0.358057 810.0 160.0 837.0 179.0
P0432 0.166059 62.0 259.0 86.0 284.0
P0432 0.091491 116.0 292.0 156.0 319.0
P0432 0.051655 181.0 498.0 203.0 514.0
P0491 0.059344 2097.0 1256.0 2373.0 1510.0
P0518 0.996391 799.0 948.0 850.0 1053.0
P0518 0.975253 833.0 251.0 882.0 340.0
P0543 0.998605 611.0 187.0 718.0 273.0
P0551 0.083146 1052.0 1221.0 1079.0 1266.0
P0557 0.575256 689.0 1008.0 742.0 1089.0
P0564 0.998782 525.0 53.0 562.0 98.0
P0579 0.078441 2084.0 1061.0 2135.0 1113.0
P0604 0.996238 1306.0 194.0 1346.0 226.0
P0604 0.061137 743.0 0.0 772.0 14.0
P0613 0.074915 359.0 0.0 384.0 12.0
P0615 0.972929 660.0 314.0 705.0 369.0
P0615 0.069078 1220.0 1189.0 1259.0 1237.0
P0660 0.993779 205.0 410.0 435.0 634.0
P0660 0.965874 627.0 638.0 662.0 680.0
P0660 0.948427 333.0 585.0 616.0 782.0
P0660 0.544918 522.0 528.0 562.0 561.0
P0660 0.464885 616.0 690.0 686.0 749.0
P0660 0.460963 474.0 528.0 510.0 566.0
P0660 0.191978 276.0 388.0 312.0 417.0
P0660 0.188217 279.0 441.0 328.0 481.0
P0660 0.137211 523.0 536.0 596.0 590.0
P0660 0.128377 361.0 384.0 443.0 454.0
P0660 0.086093 578.0 579.0 614.0 602.0
P0665 0.853673 265.0 1466.0 356.0 1529.0
P0683 0.174226 1977.0 279.0 2015.0 333.0
P0683 0.058684 1993.0 364.0 2023.0 397.0
P0704 0.999616 1979.0 53.0 2046.0 169.0
P0715 0.997831 1107.0 1427.0 1150.0 1456.0
P0715 0.95699 745.0 477.0 794.0 520.0
P0715 0.935474 1177.0 758.0 1205.0 792.0
P0715 0.847803 1174.0 392.0 1204.0 424.0
P0715 0.13134 760.0 512.0 800.0 526.0
P0715 0.11944 826.0 167.0 867.0 197.0
P0725 0.94563 350.0 877.0 401.0 944.0
P0729 0.953986 327.0 168.0 373.0 233.0
P0729 0.054286 512.0 785.0 564.0 849.0
P0761 0.105992 1348.0 516.0 1367.0 552.0
P0764 0.629131 1107.0 579.0 1152.0 618.0
P0770 0.998062 201.0 681.0 251.0 720.0
P0770 0.997444 1096.0 639.0 1264.0 790.0
P0770 0.994951 325.0 354.0 362.0 408.0
P0770 0.994807 17.0 1256.0 56.0 1290.0
P0770 0.987251 520.0 64.0 560.0 113.0
P0770 0.986224 206.0 1006.0 238.0 1051.0
P0770 0.984405 233.0 646.0 290.0 685.0
P0770 0.977658 278.0 486.0 309.0 534.0
P0770 0.976382 109.0 1235.0 142.0 1280.0
P0770 0.905125 10.0 1091.0 53.0 1127.0
P0770 0.89353 210.0 1003.0 244.0 1022.0
P0795 0.992745 1454.0 96.0 1541.0 134.0
P0796 0.999461 477.0 803.0 540.0 859.0
P0796 0.997683 435.0 1089.0 478.0 1141.0
P0796 0.993531 479.0 1325.0 523.0 1370.0
P0799 0.995253 496.0 55.0 551.0 98.0
P0815 0.162716 954.0 42.0 1020.0 237.0
P0822 0.988859 1082.0 255.0 1120.0 287.0
P0822 0.056165 56.0 234.0 72.0 261.0
P0837 0.810569 105.0 2376.0 156.0 2497.0
P0841 0.146315 1390.0 3037.0 1445.0 3050.0
P0882 0.999465 469.0 1013.0 618.0 1093.0
P0882 0.998408 300.0 774.0 488.0 877.0
P0882 0.993319 298.0 880.0 460.0 951.0
P0882 0.939793 381.0 1025.0 430.0 1057.0
P0882 0.676097 291.0 517.0 333.0 600.0
P0882 0.580985 660.0 1053.0 694.0 1086.0
P0882 0.051588 393.0 1013.0 419.0 1022.0
P0887 0.451498 1031.0 1539.0 1100.0 1595.0
P0936 0.977153 2888.0 312.0 2920.0 355.0
P0936 0.721652 3090.0 0.0 3134.0 15.0
P0936 0.187926 3180.0 370.0 3215.0 389.0
P0936 0.065483 2158.0 0.0 2203.0 15.0
P0945 0.488655 1003.0 1300.0 1020.0 1344.0
P0945 0.200028 809.0 1002.0 866.0 1022.0
P0949 0.997738 2836.0 62.0 2888.0 113.0
P0949 0.992891 2752.0 87.0 2808.0 121.0
P0949 0.072896 1045.0 0.0 1078.0 12.0
P0953 0.999352 2276.0 319.0 2331.0 366.0
P0953 0.977913 822.0 91.0 859.0 147.0
P0953 0.942581 824.0 132.0 862.0 148.0
P0961 0.996546 3828.0 904.0 3885.0 931.0
P0961 0.993899 5434.0 539.0 5484.0 573.0
P0961 0.95545 3205.0 1056.0 3240.0 1091.0
P0961 0.695212 5552.0 520.0 5589.0 613.0
P0961 0.452325 5097.0 691.0 5118.0 716.0
P0961 0.313603 5096.0 689.0 5177.0 715.0
P0961 0.143631 4075.0 630.0 4091.0 709.0
P0961 0.108021 4439.0 1009.0 4472.0 1022.0
P0961 0.074412 5055.0 413.0 5076.0 537.0
P0961 0.053595 5097.0 642.0 5117.0 756.0
P0961 0.052977 4000.0 688.0 4023.0 721.0
P0964 0.998536 1463.0 1040.0 1541.0 1090.0
P0964 0.998476 1998.0 988.0 2094.0 1055.0
P0964 0.998305 1999.0 987.0 2044.0 1017.0
P0964 0.996132 1086.0 1086.0 1198.0 1149.0
P0964 0.334771 2032.0 988.0 2087.0 1021.0
P0964 0.278187 2476.0 128.0 2544.0 152.0
P0964 0.273437 2051.0 1002.0 2089.0 1047.0
P0964 0.2677 1980.0 971.0 2094.0 1015.0
P0964 0.141615 1374.0 1133.0 1394.0 1148.0
P0964 0.11155 1537.0 1135.0 1561.0 1149.0
P0970 0.983553 3951.0 925.0 4053.0 987.0
P0970 0.97189 1167.0 966.0 1238.0 1000.0
P0970 0.954735 2197.0 854.0 2275.0 900.0
P0970 0.30696 1004.0 1106.0 1021.0 1138.0
P0970 0.120239 3361.0 998.0 3411.0 1019.0
P0989 0.995666 777.0 1453.0 811.0 1497.0
P0989 0.973719 430.0 885.0 473.0 936.0
P0989 0.13773 43.0 1262.0 72.0 1290.0
P0989 0.068562 227.0 1038.0 249.0 1062.0
P0990 0.99558 1281.0 559.0 1339.0 605.0
P0990 0.992356 468.0 2161.0 498.0 2201.0
P0990 0.990146 1364.0 1130.0 1403.0 1180.0
P0990 0.984841 27.0 32.0 58.0 83.0
P0990 0.981338 940.0 1178.0 967.0 1228.0
P0990 0.968303 639.0 1412.0 684.0 1454.0
P0990 0.095959 191.0 1773.0 214.0 1802.0
P0990 0.083772 99.0 1471.0 124.0 1497.0
P0990 0.060272 715.0 512.0 751.0 525.0
P0998 0.942927 1573.0 3.0 1647.0 59.0
P0998 0.055199 4608.0 575.0 4627.0 681.0
P1005 0.998505 4513.0 1150.0 4567.0 1185.0
P1005 0.996701 2580.0 85.0 2615.0 134.0
P1005 0.969272 4677.0 1047.0 4707.0 1093.0
P1005 0.308876 3074.0 0.0 3089.0 72.0
P1005 0.066978 2561.0 314.0 2575.0 348.0
P1005 0.053814 937.0 382.0 974.0 423.0
P1007 0.991744 543.0 611.0 582.0 643.0
P1007 0.989315 647.0 726.0 692.0 753.0
P1007 0.982922 607.0 615.0 647.0 639.0
P1007 0.976799 5289.0 997.0 5337.0 1021.0
P1007 0.90989 5643.0 1243.0 5672.0 1260.0
P1007 0.815267 179.0 1209.0 221.0 1247.0
P1007 0.650138 484.0 608.0 515.0 631.0
P1007 0.581878 7994.0 1242.0 8034.0 1258.0
P1007 0.192941 6134.0 1247.0 6174.0 1260.0
P1007 0.177573 2914.0 1180.0 2972.0 1249.0
P1007 0.161079 2666.0 1210.0 2688.0 1242.0
P1007 0.151989 3112.0 1231.0 3133.0 1260.0
P1007 0.132679 5919.0 1026.0 5965.0 1087.0
P1007 0.131408 7330.0 1243.0 7345.0 1259.0
P1007 0.06958 4173.0 1247.0 4216.0 1259.0
P1007 0.065779 358.0 605.0 401.0 646.0
P1009 0.988052 3250.0 992.0 3295.0 1019.0
P1009 0.981855 3017.0 1315.0 3052.0 1334.0
P1009 0.932662 2662.0 1361.0 2701.0 1374.0
P1009 0.898072 1692.0 352.0 1740.0 376.0
P1009 0.580306 817.0 178.0 835.0 219.0
P1009 0.223298 3373.0 1005.0 3409.0 1020.0
P1009 0.14072 389.0 1.0 425.0 32.0
P1009 0.107939 896.0 624.0 934.0 643.0
P1014 0.996029 1888.0 1506.0 1938.0 1528.0
P1014 0.980497 1307.0 115.0 1336.0 146.0
P1014 0.521664 87.0 1868.0 136.0 1895.0
P1014 0.376839 1480.0 895.0 1534.0 911.0
P1014 0.240128 649.0 1844.0 684.0 1863.0
P1014 0.195252 513.0 895.0 543.0 908.0
P1014 0.094175 513.0 529.0 531.0 581.0
P1022 0.239173 1789.0 2.0 1888.0 93.0
P1023 0.322753 366.0 549.0 402.0 567.0
P1023 0.097194 2326.0 320.0 2348.0 342.0
P1023 0.060266 1657.0 112.0 1721.0 224.0
P1030 0.987021 2300.0 103.0 2333.0 146.0
P1030 0.98578 2023.0 70.0 2063.0 102.0
P1030 0.893929 2154.0 48.0 2189.0 72.0
P1030 0.807105 1797.0 126.0 1830.0 163.0
P1030 0.798452 1666.0 381.0 1690.0 419.0
P1030 0.780321 2294.0 1.0 2334.0 30.0
P1030 0.702692 2103.0 51.0 2126.0 73.0
P1030 0.481909 2049.0 0.0 2068.0 114.0
P1030 0.143359 2051.0 83.0 2071.0 108.0
P1030 0.081013 254.0 989.0 302.0 1021.0
P1030 0.063091 806.0 992.0 852.0 1012.0
P1030 0.056166 2560.0 931.0 2571.0 968.0
P1065 0.997134 2617.0 1987.0 2669.0 2020.0
P1065 0.996398 3485.0 95.0 3531.0 152.0
P1065 0.992438 1279.0 1681.0 1308.0 1726.0
P1065 0.985538 2475.0 2355.0 2510.0 2392.0
P1065 0.984396 2699.0 2037.0 2752.0 2095.0
P1065 0.963124 2528.0 1959.0 2556.0 1984.0
P1065 0.877051 2773.0 2164.0 2819.0 2216.0
P1065 0.608042 166.0 1473.0 194.0 1496.0
P1065 0.373012 1718.0 1783.0 1759.0 1824.0
P1065 0.364079 1807.0 2490.0 1828.0 2521.0
P1065 0.158506 1928.0 1513.0 1971.0 1527.0
P1065 0.088602 122.0 1611.0 152.0 1643.0
P1065 0.07783 3990.0 2522.0 4019.0 2535.0
P1065 0.0634 961.0 1722.0 1008.0 1773.0
P1065 0.056497 2288.0 2293.0 2337.0 2341.0
P1066 0.999353 505.0 1378.0 592.0 1478.0
P1075 0.998713 1461.0 970.0 1504.0 1025.0
P1075 0.998435 903.0 1449.0 950.0 1476.0
P1075 0.996711 69.0 2403.0 106.0 2447.0
P1075 0.995939 2109.0 3203.0 2158.0 3257.0
P1075 0.994136 1622.0 2957.0 1679.0 3006.0
P1075 0.990479 1633.0 77.0 1668.0 120.0
P1075 0.973967 1730.0 2992.0 1764.0 3040.0
P1075 0.967677 1832.0 1384.0 1862.0 1414.0
P1075 0.940676 2013.0 376.0 2047.0 411.0
P1075 0.798196 1835.0 3057.0 1869.0 3102.0
P1075 0.237085 1751.0 156.0 1786.0 194.0
P1075 0.180095 2031.0 868.0 2046.0 907.0
P1075 0.078517 975.0 1783.0 1007.0 1813.0
P1095 0.994689 3978.0 216.0 4008.0 268.0
P1095 0.989089 2938.0 195.0 2995.0 229.0
P1095 0.984923 887.0 987.0 914.0 1027.0
P1095 0.980681 1254.0 692.0 1311.0 729.0
P1095 0.770564 2458.0 231.0 2496.0 279.0
P1099 0.993021 151.0 844.0 211.0 903.0
P1179 0.998119 6342.0 973.0 6372.0 1020.0
P1179 0.128606 4241.0 1717.0 4397.0 1880.0
P1179 0.086935 2534.0 3072.0 2556.0 3092.0
P1179 0.070589 4098.0 2118.0 4136.0 2184.0
P1179 0.055497 2187.0 2766.0 2217.0 2787.0
P1370 0.093717 1584.0 3019.0 1644.0 3068.0
P1376 0.994491 1989.0 3628.0 2072.0 3712.0
P1376 0.913272 2048.0 3667.0 2068.0 3716.0
P1376 0.069503 4138.0 2068.0 4179.0 2101.0
P1377 0.996688 3263.0 3739.0 3325.0 3780.0
P1377 0.909154 2088.0 162.0 2546.0 452.0
P1377 0.848752 2809.0 2836.0 2856.0 2880.0
P1377 0.811168 2760.0 2929.0 2807.0 2973.0
P1377 0.803169 1991.0 3282.0 2024.0 3319.0
P1377 0.746236 2607.0 3065.0 2648.0 3109.0
P1377 0.717305 2367.0 3255.0 2406.0 3301.0
P1377 0.639558 1941.0 3456.0 1981.0 3511.0
P1377 0.634618 3120.0 3288.0 3158.0 3335.0
P1377 0.63116 3538.0 3847.0 3577.0 3893.0
P1377 0.470785 2572.0 3143.0 2620.0 3186.0
P1377 0.333932 3569.0 2583.0 3662.0 2677.0
P1377 0.291091 2953.0 250.0 2975.0 301.0
P1377 0.21666 2469.0 3032.0 2508.0 3075.0
P1377 0.178997 3104.0 3254.0 3143.0 3288.0
P1377 0.157835 2327.0 2817.0 2363.0 2855.0
P1377 0.092265 2804.0 3507.0 2837.0 3544.0
P1377 0.083709 2771.0 3213.0 2784.0 3257.0
P1377 0.060765 3025.0 3011.0 3066.0 3045.0
P1380 0.999321 3821.0 1761.0 3940.0 1840.0
P1380 0.986809 3913.0 1897.0 4084.0 2114.0
P1380 0.970332 3977.0 2051.0 4088.0 2108.0
P1380 0.654842 521.0 2751.0 560.0 2796.0
P1380 0.488211 115.0 2560.0 166.0 2578.0
P1380 0.395991 229.0 2975.0 279.0 3008.0
P1380 0.352964 303.0 2981.0 336.0 3025.0
P1380 0.249767 524.0 2560.0 558.0 2581.0
P1380 0.158466 1136.0 4217.0 1174.0 4248.0
P1384 0.968699 5608.0 3172.0 5626.0 3205.0
P1384 0.941211 60.0 3048.0 82.0 3070.0
P1384 0.930127 698.0 4580.0 715.0 4610.0
P1384 0.839571 430.0 712.0 453.0 744.0
P1384 0.816814 256.0 4519.0 279.0 4552.0
P1384 0.807269 4840.0 737.0 4855.0 772.0
P1384 0.754282 858.0 3883.0 882.0 3905.0
P1384 0.745217 287.0 3584.0 331.0 3598.0
P1384 0.707528 240.0 2063.0 266.0 2091.0
P1384 0.696482 967.0 3821.0 991.0 3844.0
P1384 0.696189 503.0 4156.0 523.0 4183.0
P1384 0.693408 654.0 4552.0 677.0 4603.0
P1384 0.667602 1024.0 5021.0 1044.0 5045.0
P1384 0.662243 1142.0 4260.0 1166.0 4279.0
P1384 0.654168 2217.0 5065.0 2242.0 5088.0
P1384 0.651559 219.0 3099.0 241.0 3125.0
P1384 0.645898 513.0 3360.0 530.0 3416.0
P1384 0.626797 693.0 3839.0 721.0 3861.0
P1384 0.593983 1026.0 3829.0 1058.0 3853.0
P1384 0.593154 1370.0 3988.0 1395.0 4012.0
P1384 0.586902 1004.0 5421.0 1021.0 5446.0
P1384 0.558682 1607.0 3638.0 1636.0 3662.0
P1384 0.553046 1428.0 3563.0 1455.0 3580.0
P1384 0.552254 38.0 2044.0 57.0 2079.0
P1384 0.534691 1373.0 5269.0 1400.0 5315.0
P1384 0.528531 1005.0 4154.0 1022.0 4185.0
P1384 0.517594 1270.0 3345.0 1295.0 3369.0
P1384 0.514952 133.0 2426.0 171.0 2453.0
P1384 0.484436 1190.0 3323.0 1209.0 3351.0
P1384 0.467706 1659.0 4475.0 1684.0 4498.0
P1384 0.463047 69.0 1919.0 88.0 1948.0
P1384 0.443891 629.0 4345.0 650.0 4371.0
P1384 0.435729 1121.0 5216.0 1155.0 5243.0
P1384 0.385759 93.0 2002.0 135.0 2025.0
P1384 0.3622 1803.0 3759.0 1829.0 3779.0
P1384 0.356657 314.0 2173.0 337.0 2194.0
P1384 0.341229 1024.0 3298.0 1044.0 3326.0
P1384 0.32515 827.0 3119.0 854.0 3145.0
P1384 0.320163 90.0 1942.0 129.0 1966.0
P1384 0.304899 290.0 3569.0 340.0 3582.0
P1384 0.303273 164.0 3584.0 199.0 3598.0
P1384 0.292351 2400.0 1027.0 2437.0 1054.0
P1384 0.292121 1758.0 4107.0 1787.0 4130.0
P1384 0.283375 519.0 4525.0 551.0 4546.0
P1384 0.276089 132.0 3544.0 155.0 3573.0
P1384 0.263201 3016.0 4627.0 3053.0 4653.0
P1384 0.256713 1967.0 4080.0 2007.0 4094.0
P1384 0.253227 50.0 1558.0 73.0 1588.0
P1384 0.251069 883.0 3922.0 911.0 3947.0
P1384 0.237013 1025.0 5040.0 1041.0 5065.0
P1384 0.23378 512.0 4361.0 527.0 4383.0
P1384 0.217124 863.0 3928.0 884.0 3950.0
P1384 0.216927 306.0 1038.0 332.0 1058.0
P1384 0.213389 131.0 3499.0 158.0 3532.0
P1384 0.21159 1563.0 4836.0 1593.0 4879.0
P1384 0.21046 4052.0 2563.0 4091.0 2600.0
P1384 0.207619 1007.0 5185.0 1022.0 5208.0
P1384 0.205581 43.0 2979.0 75.0 3004.0
P1384 0.20461 581.0 5202.0 602.0 5230.0
P1384 0.203679 1275.0 4366.0 1299.0 4384.0
P1384 0.202166 36.0 2446.0 56.0 2480.0
P1384 0.195612 5560.0 1547.0 5607.0 1597.0
P1384 0.191806 1010.0 4706.0 1022.0 4730.0
P1384 0.190226 1162.0 5368.0 1184.0 5401.0
P1384 0.188338 1762.0 3984.0 1786.0 4011.0
P1384 0.188298 5100.0 4620.0 5118.0 4676.0
P1384 0.172318 258.0 2443.0 279.0 2472.0
P1384 0.172166 1707.0 3584.0 1739.0 3606.0
P1384 0.169039 2027.0 2640.0 2046.0 2666.0
P1384 0.168966 99.0 2415.0 119.0 2444.0
P1384 0.158344 1468.0 4138.0 1506.0 4174.0
P1384 0.157904 1441.0 3584.0 1479.0 3598.0
P1384 0.157639 1773.0 3570.0 1812.0 3582.0
P1384 0.156466 4919.0 1849.0 4951.0 1888.0
P1384 0.152588 900.0 4291.0 918.0 4325.0
P1384 0.150805 1734.0 3828.0 1774.0 3858.0
P1384 0.14918 5619.0 3170.0 5630.0 3198.0
P1384 0.13971 1644.0 3721.0 1690.0 3757.0
P1384 0.139488 1521.0 4301.0 1534.0 4332.0
P1384 0.137285 1134.0 4303.0 1152.0 4330.0
P1384 0.136904 2577.0 2560.0 2605.0 2571.0
P1384 0.127937 3115.0 4772.0 3141.0 4791.0
P1384 0.125839 1808.0 5355.0 1833.0 5397.0
P1384 0.12425 1832.0 5439.0 1878.0 5463.0
P1384 0.121693 1789.0 3451.0 1836.0 3483.0
P1384 0.120415 605.0 678.0 626.0 703.0
P1384 0.115139 1024.0 5191.0 1037.0 5229.0
P1384 0.114616 1230.0 4096.0 1266.0 4110.0
P1384 0.114069 751.0 4608.0 787.0 4621.0
P1384 0.1119 4096.0 2004.0 4108.0 2044.0
P1384 0.10991 165.0 4288.0 185.0 4322.0
P1384 0.107476 66.0 1453.0 93.0 1495.0
P1384 0.106324 49.0 2212.0 80.0 2231.0
P1384 0.10457 1784.0 5198.0 1804.0 5223.0
P1384 0.104374 682.0 383.0 719.0 411.0
P1384 0.104128 2099.0 4632.0 2123.0 4673.0
P1384 0.104046 302.0 1313.0 323.0 1345.0
P1384 0.101695 753.0 4586.0 784.0 4605.0
P1384 0.099714 2031.0 3699.0 2046.0 3720.0
P1384 0.093391 2565.0 2612.0 2591.0 2647.0
P1384 0.093184 2017.0 3890.0 2042.0 3909.0
P1384 0.090503 327.0 2275.0 357.0 2295.0
P1384 0.0877 2116.0 3924.0 2140.0 3950.0
P1384 0.087348 5609.0 1536.0 5673.0 1588.0
P1384 0.086316 2060.0 4931.0 2092.0 4959.0
P1384 0.084624 1811.0 3510.0 1836.0 3542.0
P1384 0.084377 128.0 3520.0 154.0 3540.0
P1384 0.084081 1095.0 513.0 1122.0 524.0
P1384 0.083374 212.0 2314.0 237.0 2332.0
P1384 0.083218 71.0 2536.0 97.0 2557.0
P1384 0.081071 2746.0 4503.0 2786.0 4528.0
P1384 0.079942 2562.0 4733.0 2606.0 4772.0
P1384 0.079902 1882.0 3586.0 1908.0 3602.0
P1384 0.075123 270.0 2459.0 306.0 2478.0
P1384 0.074652 595.0 4612.0 617.0 4650.0
P1384 0.074491 1147.0 166.0 1175.0 184.0
P1384 0.073929 141.0 3849.0 162.0 3886.0
P1384 0.07326 454.0 4486.0 480.0 4518.0
P1384 0.07291 3072.0 5027.0 3092.0 5048.0
P1384 0.07148 281.0 4082.0 330.0 4094.0
P1384 0.070785 1024.0 4966.0 1041.0 4992.0
P1384 0.069835 1602.0 5409.0 1620.0 5441.0
P1384 0.069185 2048.0 2646.0 2064.0 2667.0
P1384 0.068562 408.0 2052.0 453.0 2073.0
P1384 0.068239 999.0 4269.0 1021.0 4298.0
P1384 0.065397 1767.0 4679.0 1793.0 4723.0
P1384 0.065278 1025.0 5135.0 1046.0 5200.0
P1384 0.064955 214.0 4736.0 242.0 4768.0
P1384 0.064872 145.0 2881.0 172.0 2904.0
P1384 0.063722 2815.0 4607.0 2857.0 4632.0
P1384 0.063414 321.0 1523.0 345.0 1534.0
P1384 0.063079 278.0 2030.0 299.0 2046.0
P1384 0.063001 241.0 3041.0 257.0 3068.0
P1384 0.062434 2166.0 5108.0 2201.0 5118.0
P1384 0.062332 3087.0 4848.0 3122.0 4866.0
P1384 0.061914 2540.0 5255.0 2558.0 5289.0
P1384 0.061436 3030.0 5079.0 3064.0 5100.0
P1384 0.06111 1797.0 5237.0 1819.0 5266.0
P1384 0.059426 2063.0 4735.0 2087.0 4773.0
P1384 0.058853 2100.0 5407.0 2129.0 5445.0
P1384 0.058549 2015.0 4592.0 2038.0 4606.0
P1384 0.058548 780.0 4586.0 811.0 4605.0
P1384 0.057173 1536.0 5409.0 1555.0 5429.0
P1384 0.057128 73.0 3050.0 92.0 3068.0
P1384 0.057022 2952.0 4878.0 3002.0 4901.0
P1384 0.056655 583.0 5299.0 609.0 5327.0
P1384 0.055809 3584.0 1807.0 3599.0 1832.0
P1384 0.054892 5622.0 3568.0 5650.0 3581.0
P1384 0.054457 4097.0 1988.0 4121.0 2020.0
P1384 0.054059 661.0 4944.0 680.0 4980.0
P1384 0.053674 62.0 4067.0 96.0 4089.0
P1384 0.05364 238.0 2085.0 260.0 2105.0
P1384 0.053607 251.0 2038.0 273.0 2046.0
P1384 0.053471 1603.0 4745.0 1624.0 4773.0
P1384 0.05197 5615.0 3569.0 5630.0 3582.0
P1384 0.051736 3936.0 1525.0 3965.0 1534.0
P1384 0.051316 327.0 5008.0 352.0 5055.0
P1384 0.051221 2048.0 5136.0 2068.0 5163.0
P1384 0.050918 1617.0 4076.0 1643.0 4094.0
P1384 0.050638 145.0 885.0 162.0 923.0
P1386 0.050268 494.0 975.0 578.0 1017.0
P1397 0.917994 1921.0 62.0 1959.0 96.0
P1397 0.507083 7828.0 2443.0 7852.0 2461.0
P1397 0.153958 2064.0 2048.0 2087.0 2073.0
P1397 0.06188 2132.0 1203.0 2193.0 1316.0
P1397 0.059425 7354.0 927.0 7442.0 1019.0
P1397 0.054376 1863.0 2527.0 1895.0 2558.0
P1398 0.133406 992.0 1999.0 1022.0 2046.0
P1398 0.099657 860.0 4516.0 949.0 4603.0
P1398 0.097355 311.0 3073.0 371.0 3139.0
P1398 0.089886 2343.0 784.0 2545.0 1013.0
P1398 0.05942 1239.0 1522.0 1297.0 1534.0
P1398 0.052297 3597.0 857.0 3768.0 1006.0
P1398 0.05045 316.0 3072.0 368.0 3085.0
P1398 0.050092 1167.0 2560.0 1198.0 2588.0
P1398 0.050044 3796.0 5383.0 3919.0 5521.0
P1410 0.998746 3850.0 1981.0 3970.0 2111.0
P1410 0.998194 3888.0 2050.0 3958.0 2106.0
P1410 0.944495 369.0 421.0 414.0 467.0
P1410 0.873346 628.0 308.0 653.0 334.0
P1410 0.848543 3847.0 2048.0 3894.0 2063.0
P1410 0.513518 2029.0 4856.0 2042.0 4910.0
P1410 0.39705 1536.0 4513.0 1546.0 4567.0
P1410 0.267161 587.0 1538.0 647.0 1576.0
P1410 0.248874 4708.0 2383.0 4749.0 2413.0
P1410 0.244671 4126.0 2368.0 4159.0 2403.0
P1410 0.171634 416.0 740.0 455.0 776.0
P1410 0.151974 3848.0 1522.0 3873.0 1534.0
P1410 0.128891 519.0 1779.0 569.0 1863.0
P1410 0.128439 1291.0 2560.0 1317.0 2571.0
P1410 0.117611 1261.0 3692.0 1302.0 3735.0
P1410 0.11253 3856.0 2005.0 3903.0 2069.0
P1410 0.108987 997.0 2486.0 1021.0 2548.0
P1410 0.100182 514.0 1279.0 540.0 1328.0
P1410 0.092837 1042.0 2546.0 1097.0 2558.0
P1410 0.090576 181.0 1538.0 217.0 1572.0
P1410 0.089472 3946.0 2023.0 3971.0 2044.0
P1410 0.075069 3791.0 2049.0 3813.0 2068.0
P1410 0.06413 779.0 726.0 803.0 754.0
P1410 0.061403 3924.0 1987.0 3967.0 2034.0
P1410 0.056676 309.0 307.0 354.0 351.0
P1410 0.056561 3792.0 2016.0 3808.0 2046.0
P1410 0.050452 4222.0 1682.0 4236.0 1740.0
P1410 0.050217 4707.0 3585.0 4738.0 3595.0
P1432 0.305277 3139.0 3650.0 3175.0 3695.0
P1452 0.058409 55.0 583.0 76.0 613.0
P1474 0.427535 2464.0 5525.0 2491.0 5550.0
P1474 0.427133 2939.0 5573.0 2975.0 5606.0
P1474 0.384745 1566.0 1632.0 1630.0 1706.0
P1474 0.219778 2255.0 2440.0 2336.0 2476.0
P1474 0.115922 2966.0 5486.0 2998.0 5524.0
P1474 0.077494 468.0 1001.0 502.0 1021.0
P1474 0.077123 2593.0 5863.0 2646.0 5890.0
P1474 0.073943 2621.0 5361.0 2662.0 5385.0
P1474 0.064919 2546.0 463.0 2557.0 500.0
P1474 0.057109 581.0 1110.0 620.0 1147.0
P1483 0.698187 1572.0 878.0 1713.0 1167.0
P1483 0.524063 1558.0 573.0 1711.0 1007.0
P1529 0.05046 1558.0 757.0 1596.0 800.0
P1786 0.156959 3272.0 2560.0 3307.0 2586.0
P1786 0.106314 626.0 142.0 705.0 216.0
P1786 0.091771 512.0 3519.0 550.0 3571.0
P1786 0.086343 2296.0 1417.0 2338.0 1458.0
P1786 0.070062 2650.0 2416.0 2710.0 2466.0
P1809 0.436284 1723.0 4841.0 1765.0 4893.0
P1809 0.305036 1997.0 3586.0 2043.0 3613.0
P1809 0.18082 3002.0 5854.0 3047.0 5876.0
P1809 0.121992 441.0 1665.0 490.0 1715.0
P1809 0.080799 288.0 5735.0 349.0 5749.0
P1809 0.053488 518.0 1576.0 557.0 1622.0
P1854 0.292176 6476.0 403.0 6663.0 581.0
P1854 0.238077 6478.0 764.0 6663.0 949.0
P1854 0.217717 6665.0 589.0 6849.0 767.0
P1854 0.211322 6674.0 765.0 6843.0 950.0
P1854 0.200621 6478.0 571.0 6647.0 759.0
P1854 0.158273 6673.0 406.0 6841.0 580.0
P1854 0.109417 11456.0 512.0 11484.0 568.0
P1854 0.068023 3553.0 1005.0 3581.0 1022.0
P1854 0.065061 7009.0 2880.0 7071.0 2946.0
P1960 0.129803 259.0 25.0 293.0 62.0
P1973 0.935042 1825.0 1459.0 1973.0 1592.0
P1973 0.282829 961.0 1440.0 1020.0 1497.0
P1973 0.204507 512.0 1255.0 844.0 1534.0
P1973 0.051671 1655.0 1575.0 1880.0 1683.0
P1982 0.359298 1509.0 1871.0 1533.0 1911.0
P1995 0.478543 1611.0 454.0 1636.0 532.0
P1995 0.441971 974.0 985.0 1005.0 1008.0
P1995 0.429988 864.0 78.0 880.0 114.0
P1995 0.114375 171.0 739.0 214.0 866.0
P2003 0.896338 590.0 855.0 715.0 928.0
P2012 0.160519 442.0 360.0 455.0 376.0
P2012 0.112757 197.0 183.0 217.0 202.0
P2059 0.063824 969.0 1547.0 985.0 1590.0
P2150 0.052678 362.0 850.0 414.0 915.0
P2152 0.993545 1157.0 498.0 1189.0 542.0
P2169 0.200544 144.0 43.0 161.0 66.0
P2197 0.051597 824.0 1464.0 865.0 1549.0
P2241 0.98962 679.0 605.0 711.0 624.0
P2242 0.120034 1742.0 669.0 1814.0 738.0
P2271 0.983159 822.0 848.0 850.0 900.0
P2286 0.235431 1197.0 1004.0 1225.0 1022.0
P2286 0.056335 1948.0 412.0 1992.0 452.0
P2330 0.985659 936.0 3.0 978.0 61.0
P2330 0.060847 4419.0 3109.0 4601.0 3168.0
P2331 0.913416 929.0 64.0 976.0 105.0
P2331 0.839835 1794.0 1793.0 1848.0 1843.0
P2331 0.504897 2567.0 1441.0 2632.0 1503.0
P2331 0.410119 778.0 1891.0 794.0 1924.0
P2331 0.169161 2501.0 1220.0 2534.0 1243.0
P2331 0.131079 2049.0 1502.0 2080.0 1526.0
P2331 0.083187 545.0 1525.0 566.0 1534.0
P2337 0.19207 932.0 1025.0 1005.0 1096.0
P2337 0.116137 940.0 569.0 1070.0 693.0
P2337 0.093387 1299.0 252.0 1448.0 400.0
P2337 0.08489 333.0 962.0 415.0 1019.0
P2337 0.079734 1878.0 328.0 1944.0 414.0
P2337 0.072787 857.0 1176.0 993.0 1300.0
P2337 0.068044 540.0 854.0 674.0 977.0
P2337 0.060657 386.0 660.0 531.0 780.0
P2337 0.051083 820.0 930.0 910.0 1007.0
P2342 0.374177 1237.0 2353.0 1274.0 2372.0
P2342 0.182843 192.0 1166.0 236.0 1190.0
P2342 0.164756 1237.0 2277.0 1278.0 2312.0
P2365 0.580279 2811.0 1901.0 2828.0 1943.0
P2365 0.082961 2600.0 1064.0 2641.0 1107.0
P2374 0.578393 1478.0 756.0 1551.0 817.0
P2394 0.074994 1278.0 851.0 1330.0 879.0
P2394 0.058758 1785.0 863.0 1803.0 884.0
P2394 0.057528 730.0 1057.0 774.0 1083.0
P2404 0.11725 3912.0 2560.0 3961.0 2580.0
P2404 0.055042 3076.0 513.0 3108.0 533.0
P2408 0.223871 1380.0 56.0 1412.0 79.0
P2413 0.115059 543.0 813.0 564.0 864.0
P2420 0.396611 1020.0 1663.0 1051.0 1706.0
P2429 0.302732 674.0 323.0 694.0 359.0
P2455 0.330652 754.0 1796.0 777.0 1814.0
P2455 0.097512 361.0 1585.0 400.0 1623.0
P2455 0.088275 160.0 1522.0 184.0 1534.0
P2477 0.055466 0.0 1293.0 14.0 1318.0
P2488 0.071631 1883.0 2501.0 1907.0 2520.0
P2502 0.968503 505.0 619.0 569.0 699.0
P2502 0.351184 512.0 687.0 530.0 719.0
P2502 0.349659 548.0 610.0 575.0 636.0
P2502 0.328855 2178.0 2398.0 2212.0 2422.0
P2539 0.356962 203.0 423.0 233.0 455.0
P2541 0.486418 1532.0 1549.0 1561.0 1574.0
P2541 0.153191 2566.0 254.0 2590.0 276.0
P2541 0.138837 89.0 247.0 119.0 282.0
P2542 0.218632 671.0 442.0 701.0 486.0
P2542 0.188061 517.0 1593.0 546.0 1617.0
P2542 0.095167 403.0 1173.0 435.0 1211.0
P2542 0.056825 419.0 1132.0 460.0 1155.0
P2547 0.941656 1024.0 1630.0 1038.0 1666.0
P2547 0.442266 445.0 829.0 471.0 868.0
P2547 0.393582 206.0 1337.0 236.0 1383.0
P2547 0.278912 1420.0 1889.0 1450.0 1918.0
P2547 0.229936 2943.0 1523.0 2968.0 1534.0
P2547 0.20087 1537.0 2032.0 1568.0 2045.0
P2547 0.128734 587.0 1807.0 620.0 1828.0
P2547 0.125836 3699.0 2407.0 3724.0 2423.0
P2547 0.117519 579.0 1446.0 620.0 1468.0
P2547 0.085499 1865.0 2243.0 1887.0 2264.0
P2547 0.066535 3539.0 2245.0 3562.0 2266.0
P2547 0.065684 785.0 1380.0 824.0 1435.0
P2547 0.062955 2765.0 1791.0 2792.0 1811.0
P2547 0.05655 1061.0 2016.0 1101.0 2044.0
P2563 0.079275 1453.0 0.0 1489.0 12.0
P2570 0.601293 1442.0 1254.0 1489.0 1289.0
P2571 0.987822 145.0 1110.0 212.0 1188.0
P2580 0.91981 658.0 491.0 695.0 521.0
P2580 0.266594 658.0 512.0 691.0 521.0
P2582 0.646738 1596.0 82.0 1626.0 108.0
P2587 0.267539 215.0 917.0 286.0 1036.0
P2599 0.069008 105.0 1062.0 132.0 1129.0
P2608 0.703393 1368.0 8.0 1407.0 88.0
P2608 0.39902 1992.0 1166.0 2065.0 1286.0
P2608 0.283366 1398.0 17.0 1423.0 48.0
P2608 0.198659 1457.0 3.0 1520.0 54.0
P2608 0.067437 1221.0 797.0 1248.0 817.0
P2610 0.698023 964.0 1814.0 1009.0 1877.0
P2610 0.653203 1058.0 1787.0 1131.0 1852.0
P2610 0.281946 1357.0 191.0 1395.0 236.0
P2645 0.233961 4282.0 2003.0 4348.0 2046.0
P2645 0.142715 4247.0 1515.0 4299.0 1534.0
P2645 0.129358 4292.0 1006.0 4342.0 1021.0
P2645 0.089611 4231.0 1157.0 4303.0 1219.0
P2645 0.072605 1580.0 1568.0 1695.0 1680.0
P2645 0.063699 2618.0 1951.0 2670.0 2002.0
P2645 0.060576 3865.0 1116.0 3927.0 1166.0
P2645 0.060367 3536.0 1492.0 3579.0 1533.0
P2645 0.05886 803.0 2115.0 906.0 2222.0
P2645 0.052496 3490.0 1508.0 3530.0 1551.0
P2645 0.050884 3829.0 2048.0 3875.0 2081.0
P2645 0.050342 3424.0 1525.0 3476.0 1571.0
P2689 0.545395 1995.0 912.0 2044.0 967.0
P2689 0.070567 2475.0 1570.0 2523.0 1620.0
P2689 0.065035 4785.0 1235.0 4816.0 1290.0
P2689 0.053168 4970.0 1024.0 5019.0 1040.0
P2695 0.18794 2432.0 1150.0 2481.0 1185.0
P2695 0.092592 2923.0 768.0 2951.0 799.0
P2695 0.052838 1759.0 766.0 1802.0 795.0
P2714 0.050241 1226.0 1029.0 1278.0 1055.0
P2718 0.053752 2624.0 1402.0 2667.0 1427.0
P2721 0.512427 1101.0 569.0 1122.0 603.0
P2721 0.289091 825.0 336.0 850.0 403.0
P2721 0.183107 2109.0 246.0 2162.0 286.0
P2721 0.076915 169.0 788.0 214.0 815.0
P2721 0.050771 509.0 1372.0 539.0 1391.0
P2722 0.702288 3225.0 1647.0 3261.0 1670.0
P2722 0.235934 3556.0 368.0 3594.0 394.0
P2722 0.226022 3711.0 307.0 3743.0 365.0
P2722 0.139208 646.0 669.0 697.0 724.0
P2722 0.073981 1802.0 195.0 1828.0 217.0
P2722 0.073017 2049.0 1737.0 2069.0 1768.0
P2722 0.069985 991.0 1561.0 1022.0 1584.0
P2722 0.069688 365.0 1472.0 406.0 1510.0
P2724 0.415596 3762.0 1424.0 3781.0 1470.0
P2724 0.174813 2075.0 1519.0 2107.0 1533.0
P2724 0.122604 2467.0 2058.0 2507.0 2113.0
P2724 0.050012 4477.0 1522.0 4507.0 1534.0
P2733 0.684137 1486.0 1514.0 1534.0 1533.0
P2733 0.532085 957.0 512.0 1000.0 531.0
P2733 0.093214 503.0 1026.0 590.0 1065.0
P2733 0.078695 1496.0 1492.0 1533.0 1732.0
P2754 0.476266 2789.0 2031.0 2829.0 2045.0
P2754 0.326475 769.0 739.0 801.0 761.0
P2754 0.270882 35.0 2033.0 66.0 2046.0
P2754 0.25696 2751.0 102.0 2779.0 126.0
P2754 0.233462 1555.0 1519.0 1609.0 1534.0
P2754 0.179301 167.0 2086.0 217.0 2140.0
P2754 0.138411 3305.0 1360.0 3345.0 1382.0
P2754 0.111871 3047.0 3355.0 3069.0 3411.0
P2754 0.08411 3165.0 3006.0 3183.0 3054.0
P2754 0.081457 3333.0 496.0 3377.0 526.0
P2754 0.075639 1821.0 185.0 1856.0 206.0
P2754 0.068506 863.0 362.0 899.0 389.0
P2754 0.066217 1802.0 2033.0 1827.0 2046.0
P2754 0.065104 1524.0 2007.0 1534.0 2029.0
P2758 0.050668 6275.0 203.0 6310.0 247.0
P2766 0.096419 3281.0 3074.0 3333.0 3125.0
P2768 0.992686 557.0 2018.0 646.0 2063.0
P2768 0.14772 640.0 544.0 700.0 617.0
P2768 0.109916 560.0 1902.0 611.0 1921.0
P2779 0.116433 1172.0 185.0 1240.0 264.0
P2779 0.090993 519.0 712.0 588.0 903.0
P2794 0.192662 517.0 1536.0 541.0 1578.0
P2794 0.078991 2569.0 559.0 2641.0 651.0
P2802 0.386168 3816.0 1490.0 3837.0 1523.0
P2802 0.162579 3138.0 2070.0 3161.0 2108.0
P2802 0.091628 1386.0 1180.0 1403.0 1218.0
P2802 0.059777 4257.0 1481.0 4277.0 1511.0
