P0019 0.158515 1092.0 2565.0 1160.0 2615.0
P0110 0.117448 2384.0 1351.0 2438.0 1381.0
P0123 0.999899 401.0 325.0 484.0 440.0
P0123 0.99989 296.0 528.0 374.0 642.0
P0123 0.999886 480.0 306.0 558.0 415.0
P0123 0.999881 377.0 505.0 459.0 614.0
P0123 0.999879 338.0 348.0 419.0 462.0
P0123 0.999832 442.0 482.0 522.0 597.0
P0123 0.999675 190.0 395.0 263.0 505.0
P0123 0.999675 546.0 284.0 620.0 398.0
P0123 0.999655 230.0 545.0 312.0 660.0
P0123 0.999654 248.0 374.0 329.0 490.0
P0123 0.116251 539.0 437.0 635.0 488.0
P0128 0.05694 574.0 1013.0 888.0 1284.0
P0128 0.053685 515.0 829.0 669.0 961.0
P0131 0.999956 404.0 279.0 451.0 359.0
P0131 0.999938 478.0 278.0 523.0 359.0
P0131 0.999929 626.0 276.0 672.0 360.0
P0131 0.999927 552.0 279.0 599.0 358.0
P0131 0.99992 331.0 282.0 379.0 359.0
P0131 0.999888 698.0 273.0 746.0 361.0
P0131 0.996843 512.0 276.0 526.0 357.0
P0131 0.970592 1047.0 279.0 1104.0 356.0
P0131 0.821577 926.0 281.0 974.0 360.0
P0131 0.112224 865.0 280.0 904.0 353.0
P0131 0.050997 963.0 160.0 982.0 230.0
P0146 0.999828 592.0 667.0 652.0 770.0
P0146 0.99964 531.0 650.0 597.0 750.0
P0146 0.999426 646.0 685.0 711.0 784.0
P0150 0.997384 486.0 173.0 530.0 222.0
P0168 0.063367 1032.0 98.0 1090.0 247.0
P0175 0.999921 611.0 430.0 693.0 603.0
P0175 0.999916 741.0 428.0 823.0 603.0
P0175 0.999912 306.0 562.0 388.0 737.0
P0175 0.999911 304.0 301.0 386.0 476.0
P0175 0.999902 433.0 299.0 517.0 476.0
P0175 0.999889 174.0 301.0 256.0 478.0
P0175 0.99988 176.0 561.0 258.0 739.0
P0175 0.999875 435.0 559.0 518.0 736.0
P0175 0.999866 742.0 689.0 825.0 863.0
P0175 0.999864 612.0 690.0 695.0 863.0
P0179 0.771322 1411.0 3076.0 1466.0 3205.0
P0179 0.30584 1840.0 1549.0 1902.0 1752.0
P0179 0.083737 4518.0 4533.0 4590.0 4539.0
P0179 0.057472 1905.0 1523.0 1958.0 1533.0
P0186 0.99992 312.0 210.0 396.0 384.0
P0186 0.999919 445.0 214.0 529.0 387.0
P0186 0.999916 979.0 221.0 1066.0 397.0
P0186 0.999915 711.0 217.0 798.0 392.0
P0186 0.999908 579.0 218.0 663.0 388.0
P0186 0.999902 1135.0 224.0 1223.0 402.0
P0186 0.999898 846.0 221.0 932.0 395.0
P0186 0.999894 170.0 209.0 256.0 382.0
P0186 0.974314 1.0 212.0 47.0 281.0
P0186 0.079281 63.0 214.0 113.0 297.0
P0194 0.999933 349.0 278.0 433.0 449.0
P0194 0.999918 611.0 565.0 693.0 735.0
P0194 0.999896 473.0 282.0 556.0 451.0
P0194 0.999895 466.0 564.0 549.0 729.0
P0194 0.999894 343.0 559.0 427.0 729.0
P0194 0.999874 733.0 569.0 816.0 739.0
P0194 0.99987 740.0 291.0 829.0 456.0
P0194 0.99985 618.0 286.0 701.0 458.0
P0198 0.999958 422.0 501.0 505.0 672.0
P0198 0.999944 728.0 786.0 811.0 958.0
P0198 0.999941 421.0 785.0 504.0 958.0
P0198 0.999939 728.0 501.0 811.0 671.0
P0198 0.999921 422.0 1069.0 505.0 1238.0
P0198 0.99992 561.0 787.0 643.0 956.0
P0198 0.999899 728.0 1067.0 811.0 1239.0
P0198 0.999898 560.0 501.0 643.0 671.0
P0198 0.999894 729.0 220.0 809.0 389.0
P0198 0.99989 559.0 1067.0 644.0 1237.0
P0198 0.999873 560.0 223.0 641.0 392.0
P0198 0.999861 180.0 926.0 266.0 1100.0
P0198 0.999806 424.0 223.0 504.0 394.0
P0198 0.999755 865.0 783.0 945.0 953.0
P0198 0.999635 866.0 500.0 945.0 672.0
P0198 0.999528 864.0 1067.0 947.0 1240.0
P0198 0.998876 870.0 219.0 943.0 388.0
P0198 0.99859 230.0 303.0 306.0 482.0
P0198 0.995669 168.0 301.0 207.0 375.0
P0198 0.980251 167.0 385.0 209.0 469.0
P0198 0.058089 146.0 287.0 212.0 467.0
P0199 0.999921 176.0 580.0 253.0 756.0
P0199 0.999911 600.0 572.0 680.0 752.0
P0199 0.999905 599.0 291.0 681.0 472.0
P0199 0.999896 305.0 581.0 384.0 759.0
P0199 0.999891 733.0 292.0 805.0 473.0
P0199 0.99989 732.0 576.0 809.0 753.0
P0199 0.99988 304.0 306.0 386.0 481.0
P0199 0.99987 731.0 855.0 804.0 1028.0
P0199 0.999851 301.0 864.0 380.0 1036.0
P0199 0.999844 431.0 582.0 514.0 760.0
P0199 0.999828 598.0 857.0 678.0 1024.0
P0199 0.999824 287.0 1243.0 364.0 1420.0
P0199 0.999785 164.0 1246.0 239.0 1422.0
P0199 0.999707 859.0 578.0 941.0 752.0
P0199 0.999687 162.0 275.0 209.0 374.0
P0199 0.999685 434.0 308.0 516.0 481.0
P0199 0.99968 429.0 859.0 512.0 1035.0
P0199 0.999664 856.0 853.0 938.0 1033.0
P0199 0.999598 175.0 862.0 248.0 1030.0
P0199 0.999358 162.0 402.0 207.0 502.0
P0199 0.997941 421.0 1247.0 495.0 1408.0
P0199 0.997775 225.0 400.0 270.0 498.0
P0199 0.995543 226.0 275.0 272.0 373.0
P0199 0.995262 858.0 319.0 935.0 474.0
P0206 0.99998 463.0 540.0 546.0 712.0
P0206 0.999977 729.0 820.0 812.0 996.0
P0206 0.999974 584.0 542.0 668.0 714.0
P0206 0.999972 706.0 543.0 789.0 716.0
P0206 0.999967 833.0 545.0 919.0 718.0
P0206 0.999964 340.0 537.0 424.0 710.0
P0206 0.999959 832.0 822.0 918.0 996.0
P0206 0.999957 834.0 1093.0 912.0 1264.0
P0206 0.999954 213.0 534.0 294.0 709.0
P0206 0.999942 728.0 1092.0 806.0 1264.0
P0228 0.999956 763.0 556.0 876.0 761.0
P0228 0.999953 363.0 288.0 441.0 503.0
P0228 0.999953 367.0 594.0 476.0 802.0
P0228 0.999948 854.0 242.0 966.0 450.0
P0228 0.999948 453.0 281.0 568.0 489.0
P0228 0.999943 883.0 541.0 998.0 748.0
P0228 0.999943 732.0 254.0 846.0 462.0
P0228 0.999941 483.0 578.0 597.0 789.0
P0228 0.999902 575.0 266.0 686.0 477.0
P0228 0.999896 974.0 230.0 1088.0 437.0
P0228 0.999868 604.0 571.0 717.0 777.0
P0228 0.999845 1002.0 529.0 1118.0 738.0
P0228 0.342583 1002.0 241.0 1022.0 446.0
P0228 0.265808 1022.0 256.0 1022.0 422.0
P0228 0.188769 1013.0 529.0 1022.0 729.0
P0237 0.999915 421.0 523.0 536.0 720.0
P0237 0.99991 314.0 210.0 430.0 405.0
P0237 0.999885 303.0 539.0 423.0 735.0
P0237 0.999816 192.0 551.0 305.0 754.0
P0237 0.999815 179.0 228.0 293.0 428.0
P0237 0.9998 428.0 189.0 543.0 392.0
P0237 0.999648 547.0 176.0 658.0 371.0
P0237 0.999586 536.0 507.0 645.0 700.0
P0242 0.999912 159.0 923.0 245.0 1023.0
P0242 0.999902 211.0 384.0 305.0 560.0
P0242 0.999901 262.0 912.0 350.0 1023.0
P0242 0.999895 134.0 654.0 225.0 829.0
P0242 0.999876 238.0 645.0 329.0 821.0
P0242 0.999873 341.0 636.0 436.0 812.0
P0242 0.999839 365.0 907.0 458.0 1023.0
P0242 0.999833 316.0 377.0 409.0 551.0
P0242 0.164726 83.0 451.0 197.0 614.0
P0257 0.061169 62.0 155.0 127.0 294.0
P0259 0.295496 1503.0 1569.0 1534.0 1612.0
P0352 0.999978 406.0 202.0 595.0 413.0
P0352 0.999978 318.0 272.0 501.0 477.0
P0352 0.999975 517.0 121.0 703.0 331.0
P0352 0.999953 608.0 64.0 794.0 262.0
P0352 0.99994 224.0 339.0 408.0 540.0
P0352 0.998916 570.0 242.0 702.0 330.0
P0352 0.144554 702.0 242.0 746.0 260.0
P0359 0.999934 194.0 96.0 303.0 287.0
P0359 0.999933 226.0 371.0 330.0 566.0
P0359 0.99991 337.0 361.0 440.0 554.0
P0359 0.999896 419.0 72.0 523.0 265.0
P0359 0.999892 309.0 84.0 412.0 276.0
P0359 0.999889 447.0 352.0 550.0 543.0
P0368 0.999953 473.0 426.0 660.0 611.0
P0368 0.999944 395.0 364.0 581.0 535.0
P0368 0.999912 316.0 271.0 506.0 461.0
P0368 0.999749 548.0 499.0 737.0 689.0
P0368 0.251675 615.0 578.0 773.0 847.0
P0368 0.124266 727.0 560.0 797.0 668.0
P0375 0.999951 346.0 536.0 537.0 714.0
P0375 0.999946 501.0 360.0 691.0 538.0
P0375 0.999926 427.0 445.0 615.0 628.0
P0375 0.999878 273.0 618.0 462.0 800.0
P0375 0.999858 574.0 270.0 771.0 454.0
P0377 0.999929 221.0 435.0 394.0 646.0
P0377 0.99988 349.0 362.0 519.0 571.0
P0377 0.999867 104.0 501.0 277.0 721.0
P0377 0.999855 470.0 289.0 649.0 498.0
P0377 0.999688 602.0 213.0 776.0 423.0
P0382 0.999939 330.0 718.0 474.0 926.0
P0382 0.999917 433.0 682.0 573.0 891.0
P0382 0.999868 229.0 752.0 369.0 960.0
P0382 0.999856 535.0 646.0 680.0 857.0
P0385 0.99992 496.0 280.0 659.0 488.0
P0385 0.999879 395.0 327.0 553.0 531.0
P0385 0.999388 596.0 234.0 762.0 438.0
P0396 0.999941 329.0 550.0 511.0 759.0
P0396 0.999938 164.0 788.0 348.0 995.0
P0396 0.99988 491.0 312.0 676.0 518.0
P0396 0.99988 433.0 624.0 612.0 827.0
P0396 0.999868 267.0 861.0 449.0 1067.0
P0396 0.999849 596.0 384.0 778.0 591.0
P0396 0.999608 765.0 593.0 952.0 795.0
P0402 0.999433 68.0 67.0 270.0 197.0
P0402 0.999338 143.0 302.0 340.0 438.0
P0402 0.998332 172.0 425.0 378.0 559.0
P0402 0.99646 107.0 189.0 301.0 318.0
P0457 0.999914 920.0 545.0 1097.0 762.0
P0457 0.999831 1012.0 495.0 1199.0 713.0
P0466 0.999951 691.0 953.0 785.0 1143.0
P0466 0.999949 850.0 555.0 947.0 744.0
P0466 0.999949 528.0 317.0 627.0 506.0
P0466 0.999946 280.0 599.0 377.0 784.0
P0466 0.999945 965.0 570.0 1059.0 754.0
P0466 0.999942 1028.0 986.0 1124.0 1174.0
P0466 0.999939 804.0 964.0 898.0 1153.0
P0466 0.999929 416.0 306.0 516.0 496.0
P0466 0.999905 169.0 587.0 266.0 779.0
P0466 0.999904 640.0 326.0 739.0 516.0
P0466 0.999898 915.0 977.0 1010.0 1161.0
P0466 0.999897 1077.0 579.0 1174.0 761.0
P0466 0.999889 502.0 622.0 601.0 806.0
P0466 0.999791 390.0 614.0 491.0 797.0
P0466 0.99957 927.0 973.0 1009.0 1022.0
P0466 0.999513 813.0 966.0 898.0 1019.0
P0466 0.871244 1044.0 985.0 1120.0 1022.0
P0466 0.138707 825.0 1008.0 890.0 1021.0
P0466 0.090243 932.0 1005.0 999.0 1021.0
P0466 0.079597 1011.0 623.0 1022.0 712.0
P0491 0.712196 2164.0 1291.0 2350.0 1488.0
P0499 0.99996 561.0 501.0 762.0 691.0
P0499 0.999953 313.0 769.0 507.0 958.0
P0499 0.999947 397.0 681.0 596.0 870.0
P0499 0.999945 476.0 593.0 682.0 777.0
P0499 0.999927 226.0 856.0 429.0 1049.0
P0499 0.999883 645.0 407.0 852.0 602.0
P0647 0.999848 123.0 335.0 266.0 530.0
P0647 0.999706 220.0 294.0 370.0 492.0
P0647 0.999668 304.0 554.0 456.0 752.0
P0647 0.999488 213.0 588.0 364.0 784.0
P0650 0.999932 655.0 115.0 747.0 307.0
P0650 0.999919 488.0 110.0 579.0 302.0
P0650 0.999908 766.0 119.0 862.0 306.0
P0650 0.999891 376.0 109.0 470.0 300.0
P0650 0.999766 202.0 112.0 297.0 296.0
P0650 0.999264 74.0 222.0 127.0 320.0
P0650 0.998737 79.0 73.0 133.0 174.0
P0651 0.999909 362.0 359.0 452.0 532.0
P0651 0.999908 256.0 355.0 346.0 527.0
P0651 0.999904 148.0 627.0 235.0 799.0
P0651 0.999897 465.0 361.0 557.0 534.0
P0651 0.999882 251.0 624.0 340.0 809.0
P0651 0.999879 153.0 351.0 242.0 526.0
P0651 0.999876 265.0 80.0 355.0 258.0
P0651 0.999873 160.0 81.0 250.0 254.0
P0651 0.999873 476.0 86.0 565.0 261.0
P0651 0.999871 369.0 82.0 462.0 261.0
P0651 0.999871 460.0 632.0 548.0 808.0
P0651 0.999835 575.0 86.0 673.0 269.0
P0651 0.999814 569.0 363.0 663.0 541.0
P0651 0.999744 357.0 630.0 442.0 808.0
P0651 0.99939 567.0 633.0 654.0 816.0
P0659 0.999849 307.0 650.0 431.0 838.0
P0659 0.999831 244.0 392.0 365.0 582.0
P0659 0.999731 409.0 627.0 533.0 816.0
P0659 0.999522 341.0 369.0 464.0 557.0
P0660 0.999887 796.0 409.0 999.0 612.0
P0660 0.999841 683.0 308.0 883.0 508.0
P0660 0.999778 892.0 496.0 1086.0 700.0
P0660 0.999677 584.0 210.0 777.0 408.0
P0665 0.999954 632.0 1020.0 815.0 1217.0
P0665 0.999941 471.0 1234.0 648.0 1428.0
P0665 0.999903 888.0 775.0 1064.0 964.0
P0665 0.999888 559.0 1304.0 731.0 1493.0
P0665 0.999813 734.0 1091.0 905.0 1280.0
P0665 0.99979 979.0 840.0 1158.0 1037.0
P0673 0.999936 491.0 459.0 640.0 663.0
P0673 0.999921 380.0 411.0 532.0 616.0
P0673 0.999916 601.0 504.0 751.0 707.0
P0673 0.999896 274.0 362.0 421.0 568.0
P0673 0.087238 734.0 497.0 951.0 869.0
P0673 0.081043 113.0 195.0 296.0 585.0
P0715 0.997686 1081.0 7.0 1163.0 84.0
P0715 0.273261 306.0 647.0 384.0 745.0
P0763 0.672727 222.0 83.0 296.0 170.0
P0770 0.999869 780.0 250.0 852.0 345.0
P0770 0.999866 838.0 279.0 912.0 377.0
P0770 0.999783 716.0 220.0 791.0 314.0
P0770 0.999776 899.0 309.0 974.0 407.0
P0770 0.999754 961.0 342.0 1033.0 436.0
P0770 0.999682 656.0 189.0 730.0 286.0
P0770 0.999627 310.0 492.0 386.0 587.0
P0770 0.998475 450.0 146.0 534.0 248.0
P0770 0.94912 232.0 586.0 320.0 638.0
P0770 0.629924 862.0 809.0 1020.0 1020.0
P0770 0.405894 1063.0 11.0 1127.0 72.0
P0791 0.999858 695.0 599.0 894.0 790.0
P0791 0.99985 434.0 307.0 628.0 491.0
P0791 0.999847 608.0 502.0 804.0 691.0
P0791 0.999835 521.0 404.0 714.0 592.0
P0791 0.999772 340.0 208.0 540.0 396.0
P0791 0.999753 784.0 701.0 983.0 885.0
P0791 0.999371 868.0 804.0 1078.0 985.0
P0796 0.999866 448.0 2214.0 512.0 2303.0
P0796 0.999713 389.0 2237.0 450.0 2320.0
P0799 0.999583 5.0 141.0 72.0 234.0
P0799 0.999573 64.0 115.0 136.0 213.0
P0814 0.999941 258.0 65.0 362.0 263.0
P0814 0.999936 847.0 120.0 948.0 316.0
P0814 0.999916 700.0 108.0 804.0 302.0
P0814 0.999913 410.0 80.0 515.0 275.0
P0814 0.999912 556.0 95.0 659.0 287.0
P0814 0.999905 1137.0 148.0 1241.0 342.0
P0814 0.999876 991.0 135.0 1095.0 328.0
P0814 0.97702 989.0 124.0 1023.0 335.0
P0815 0.999948 329.0 471.0 461.0 670.0
P0815 0.99993 558.0 410.0 689.0 610.0
P0815 0.99993 785.0 347.0 918.0 548.0
P0815 0.999916 432.0 444.0 565.0 643.0
P0815 0.999885 659.0 382.0 795.0 586.0
P0815 0.999806 889.0 318.0 1019.0 522.0
P0815 0.85893 5.0 752.0 65.0 827.0
P0815 0.60315 963.0 33.0 1022.0 224.0
P0815 0.570648 1031.0 29.0 1103.0 202.0
P0815 0.336574 1095.0 2.0 1166.0 185.0
P0815 0.076856 4.0 71.0 55.0 280.0
P0816 0.999936 293.0 261.0 386.0 450.0
P0816 0.999919 578.0 275.0 670.0 463.0
P0816 0.999918 155.0 257.0 242.0 444.0
P0816 0.999907 723.0 421.0 817.0 611.0
P0816 0.999905 434.0 266.0 528.0 456.0
P0816 0.999904 865.0 428.0 960.0 618.0
P0822 0.999907 827.0 165.0 928.0 368.0
P0822 0.999859 263.0 186.0 369.0 388.0
P0822 0.999855 721.0 158.0 822.0 356.0
P0822 0.999852 931.0 179.0 1039.0 376.0
P0822 0.99985 448.0 204.0 555.0 407.0
P0822 0.999785 568.0 215.0 673.0 417.0
P0822 0.099027 940.0 512.0 1016.0 570.0
P0833 0.999962 653.0 309.0 843.0 501.0
P0833 0.999947 748.0 607.0 936.0 798.0
P0833 0.999942 471.0 454.0 665.0 647.0
P0833 0.999942 658.0 677.0 844.0 878.0
P0833 0.999939 566.0 380.0 753.0 575.0
P0833 0.99993 832.0 531.0 1025.0 726.0
P0833 0.999869 563.0 748.0 754.0 945.0
P0833 0.999833 743.0 238.0 938.0 433.0
P0833 0.99983 924.0 457.0 1116.0 662.0
P0833 0.99959 396.0 528.0 571.0 723.0
P0833 0.992288 1008.0 226.0 1118.0 372.0
P0833 0.956244 1245.0 143.0 1369.0 295.0
P0833 0.737284 1177.0 179.0 1285.0 314.0
P0833 0.546575 513.0 592.0 566.0 714.0
P0833 0.113569 1066.0 203.0 1199.0 346.0
P0833 0.110619 618.0 544.0 661.0 618.0
P0844 0.999914 319.0 253.0 496.0 447.0
P0844 0.999885 71.0 449.0 250.0 646.0
P0844 0.999884 585.0 371.0 764.0 563.0
P0844 0.999847 338.0 572.0 516.0 759.0
P0844 0.999843 235.0 653.0 408.0 842.0
P0844 0.999829 483.0 457.0 654.0 647.0
P0844 0.999821 180.0 376.0 350.0 561.0
P0844 0.999801 426.0 174.0 602.0 361.0
P0882 0.999955 667.0 1769.0 769.0 1942.0
P0882 0.999938 735.0 2036.0 835.0 2209.0
P0882 0.999932 632.0 2020.0 733.0 2198.0
P0882 0.99992 364.0 512.0 458.0 660.0
P0882 0.999912 769.0 1786.0 868.0 1953.0
P0882 0.99986 518.0 1748.0 618.0 1922.0
P0882 0.999855 470.0 513.0 568.0 678.0
P0882 0.999734 399.0 234.0 500.0 407.0
P0882 0.999731 508.0 249.0 607.0 426.0
P0882 0.999717 481.0 1998.0 585.0 2175.0
P0882 0.994873 501.0 2002.0 581.0 2046.0
P0882 0.98948 178.0 514.0 264.0 630.0
P0882 0.974185 652.0 2019.0 729.0 2046.0
P0882 0.912876 237.0 207.0 332.0 384.0
P0882 0.118626 755.0 2032.0 829.0 2046.0
P0904 0.999941 498.0 347.0 605.0 560.0
P0904 0.999923 251.0 336.0 355.0 547.0
P0904 0.999891 617.0 353.0 724.0 566.0
P0904 0.999882 377.0 341.0 484.0 555.0
P0904 0.999877 135.0 325.0 242.0 547.0
P0904 0.94056 147.0 2.0 221.0 101.0
P0904 0.691885 259.0 11.0 350.0 83.0
P0904 0.616516 116.0 4.0 155.0 114.0
P0910 0.152863 1087.0 1728.0 1138.0 1782.0
P0910 0.058566 367.0 964.0 421.0 1021.0
P0936 0.069154 2160.0 0.0 2201.0 14.0
P0990 0.056983 717.0 512.0 748.0 524.0
P0998 0.072722 3516.0 312.0 3571.0 320.0
P1009 0.677842 347.0 353.0 415.0 367.0
P1014 0.874754 873.0 512.0 927.0 528.0
P1014 0.625674 879.0 896.0 932.0 907.0
P1051 0.999944 960.0 383.0 1099.0 584.0
P1051 0.999929 1066.0 415.0 1200.0 615.0
P1051 0.99992 297.0 168.0 431.0 371.0
P1051 0.999918 508.0 237.0 648.0 436.0
P1051 0.999916 188.0 132.0 327.0 338.0
P1051 0.999914 403.0 204.0 540.0 406.0
P1051 0.999907 851.0 345.0 987.0 546.0
P1051 0.999866 747.0 314.0 879.0 513.0
P1075 0.998513 1574.0 955.0 1633.0 1045.0
P1075 0.997708 1629.0 972.0 1690.0 1066.0
P1075 0.4092 1580.0 1025.0 1620.0 1041.0
P1075 0.192389 1628.0 1026.0 1673.0 1050.0
P1086 0.999953 140.0 345.0 229.0 523.0
P1086 0.999941 496.0 29.0 585.0 204.0
P1086 0.99994 121.0 682.0 210.0 859.0
P1086 0.999938 457.0 698.0 546.0 883.0
P1086 0.999936 275.0 350.0 363.0 534.0
P1086 0.999933 590.0 709.0 681.0 884.0
P1086 0.999923 631.0 51.0 718.0 213.0
P1086 0.99992 159.0 12.0 250.0 185.0
P1086 0.999913 295.0 47.0 381.0 190.0
P1086 0.999904 255.0 690.0 343.0 865.0
P1095 0.056812 1540.0 513.0 1573.0 527.0
P1099 0.999886 138.0 267.0 253.0 452.0
P1099 0.999884 366.0 759.0 479.0 945.0
P1099 0.999855 318.0 500.0 429.0 687.0
P1099 0.999855 645.0 708.0 756.0 892.0
P1099 0.999818 448.0 482.0 559.0 659.0
P1099 0.999803 497.0 736.0 605.0 921.0
P1099 0.999705 598.0 445.0 709.0 632.0
P1101 0.999969 300.0 243.0 441.0 436.0
P1101 0.999932 119.0 164.0 262.0 352.0
P1101 0.999907 22.0 116.0 163.0 315.0
P1101 0.999875 565.0 364.0 705.0 555.0
P1101 0.999845 656.0 403.0 798.0 590.0
P1101 0.998707 393.0 278.0 543.0 475.0
P1138 0.050923 840.0 486.0 1008.0 766.0
P1179 0.564474 6247.0 2048.0 6281.0 2063.0
P1179 0.288316 4311.0 4482.0 4393.0 4592.0
P1179 0.211458 2057.0 1553.0 2157.0 1662.0
P1179 0.158653 2576.0 1290.0 2622.0 1343.0
P1179 0.144387 2256.0 1546.0 2307.0 1593.0
P1179 0.07964 2479.0 1795.0 2565.0 1862.0
P1184 0.114696 1317.0 4150.0 1359.0 4196.0
P1189 0.999804 464.0 443.0 511.0 536.0
P1189 0.999703 361.0 299.0 407.0 391.0
P1189 0.9997 258.0 155.0 303.0 244.0
P1189 0.999695 393.0 441.0 440.0 537.0
P1189 0.99964 535.0 444.0 581.0 537.0
P1189 0.999609 329.0 154.0 375.0 248.0
P1189 0.99951 290.0 297.0 336.0 389.0
P1189 0.999507 432.0 298.0 480.0 393.0
P1189 0.99928 187.0 154.0 233.0 245.0
P1210 0.055863 694.0 8.0 869.0 214.0
P1219 0.467533 264.0 1457.0 343.0 1522.0
P1225 0.666049 3498.0 174.0 3705.0 400.0
P1225 0.099784 3921.0 2620.0 3990.0 2705.0
P1266 0.164256 817.0 1802.0 999.0 2006.0
P1314 0.984132 3502.0 1205.0 3578.0 1339.0
P1314 0.416699 3816.0 3772.0 3951.0 3958.0
P1314 0.188162 2336.0 2981.0 2395.0 3022.0
P1315 0.790515 3776.0 3089.0 3964.0 3312.0
P1315 0.498857 3938.0 2855.0 3997.0 2972.0
P1315 0.375555 739.0 1539.0 820.0 1617.0
P1315 0.291712 3780.0 2715.0 3953.0 3021.0
P1315 0.257907 864.0 1546.0 907.0 1614.0
P1315 0.084486 3692.0 3754.0 3924.0 3949.0
P1323 0.992009 157.0 3477.0 337.0 3640.0
P1323 0.89453 2605.0 2978.0 2810.0 3191.0
P1323 0.352132 3678.0 2331.0 3757.0 2433.0
P1323 0.350166 1316.0 1682.0 1405.0 1783.0
P1323 0.306713 2328.0 1942.0 2440.0 2042.0
P1323 0.221898 2300.0 1935.0 2497.0 2166.0
P1323 0.167072 1566.0 1691.0 1834.0 1901.0
P1323 0.124591 3118.0 1538.0 3301.0 1687.0
P1323 0.109396 1653.0 3828.0 1843.0 3998.0
P1371 0.128158 2746.0 55.0 2779.0 163.0
P1373 0.192125 777.0 1649.0 959.0 1819.0
P1377 0.991758 3635.0 2477.0 3734.0 2576.0
P1377 0.312886 3567.0 2583.0 3660.0 2681.0
P1377 0.058522 2107.0 158.0 2529.0 427.0
P1377 0.057832 3664.0 2561.0 3714.0 2572.0
P1380 0.972425 2194.0 1557.0 2267.0 1641.0
P1380 0.772771 2245.0 1526.0 2311.0 1610.0
P1380 0.100235 556.0 286.0 669.0 399.0
P1380 0.09731 3303.0 2539.0 3430.0 2686.0
P1384 0.463816 2636.0 2674.0 2679.0 2753.0
P1384 0.389709 1541.0 253.0 1615.0 417.0
P1384 0.077328 3003.0 3502.0 3028.0 3551.0
P1384 0.052676 1479.0 237.0 1527.0 420.0
P1398 0.074407 3797.0 5379.0 3914.0 5509.0
P1410 0.646182 4247.0 1556.0 4289.0 1675.0
P1410 0.452234 2576.0 2560.0 2623.0 2571.0
P1410 0.135319 3013.0 3907.0 3055.0 4119.0
P1410 0.130669 2516.0 3923.0 2553.0 4078.0
P1410 0.122086 2029.0 4859.0 2044.0 4907.0
P1432 0.060217 1754.0 1049.0 1853.0 1204.0
P1471 0.05114 1432.0 512.0 1521.0 553.0
P1473 0.063389 61.0 573.0 139.0 717.0
P1474 0.329687 1951.0 2214.0 2003.0 2329.0
P1483 0.168898 1595.0 514.0 1675.0 534.0
P1492 0.451227 56.0 512.0 134.0 520.0
P1492 0.064524 5.0 529.0 49.0 690.0
P1506 0.999892 869.0 397.0 981.0 589.0
P1506 0.99986 749.0 425.0 862.0 601.0
P1506 0.999853 2516.0 945.0 2662.0 1156.0
P1506 0.99981 2627.0 901.0 2780.0 1114.0
P1506 0.997682 2512.0 954.0 2618.0 1022.0
P1506 0.997492 2668.0 1029.0 2774.0 1111.0
P1506 0.721373 889.0 516.0 978.0 627.0
P1506 0.051769 2632.0 960.0 2753.0 1022.0
P1598 0.051259 721.0 807.0 807.0 899.0
P1604 0.174363 3682.0 269.0 3810.0 428.0
P1604 0.051197 2860.0 698.0 2937.0 751.0
P1647 0.756438 1860.0 2958.0 1917.0 3040.0
P1651 0.067804 3219.0 3347.0 3400.0 3517.0
P1672 0.469927 2057.0 526.0 2173.0 642.0
P1679 0.241747 626.0 532.0 826.0 727.0
P1720 0.279855 1904.0 2048.0 2039.0 2228.0
P1720 0.269767 1536.0 1937.0 1591.0 2020.0
P1732 0.754744 3817.0 2195.0 3945.0 2348.0
P1738 0.056753 3296.0 2048.0 3443.0 2210.0
P1752 0.147924 2850.0 1425.0 2895.0 1502.0
P1786 0.999512 2501.0 2064.0 2607.0 2175.0
P1786 0.999439 2689.0 1890.0 2793.0 2008.0
P1786 0.999423 2661.0 2139.0 2761.0 2250.0
P1786 0.999248 2605.0 1983.0 2692.0 2081.0
P1786 0.999248 2614.0 2187.0 2704.0 2296.0
P1786 0.999234 2549.0 2025.0 2645.0 2130.0
P1786 0.999085 998.0 2645.0 1080.0 2760.0
P1786 0.999024 2802.0 2014.0 2904.0 2121.0
P1786 0.998873 2709.0 2096.0 2806.0 2206.0
P1786 0.997779 2891.0 2198.0 2989.0 2307.0
P1786 0.996822 2633.0 1935.0 2746.0 2032.0
P1786 0.996716 2756.0 2057.0 2838.0 2158.0
P1786 0.996002 2933.0 2152.0 3032.0 2273.0
P1786 0.995567 2846.0 2245.0 2937.0 2356.0
P1786 0.994047 3004.0 2322.0 3095.0 2430.0
P1786 0.993915 3049.0 2280.0 3144.0 2391.0
P1786 0.990418 2792.0 2287.0 2890.0 2396.0
P1786 0.982832 2753.0 2337.0 2847.0 2440.0
P1786 0.982453 2949.0 2361.0 3043.0 2471.0
P1786 0.187147 2531.0 2081.0 2556.0 2156.0
P1786 0.127261 514.0 2939.0 565.0 3050.0
P1786 0.126456 3052.0 2346.0 3067.0 2420.0
P1786 0.0739 2789.0 2011.0 2862.0 2044.0
P1786 0.066641 2576.0 1910.0 2764.0 2112.0
P1806 0.666004 434.0 862.0 569.0 1011.0
P1806 0.279884 373.0 0.0 443.0 21.0
P1809 0.995834 1410.0 2562.0 1527.0 2756.0
P1809 0.995289 5481.0 2493.0 5565.0 2556.0
P1809 0.985382 2687.0 191.0 2764.0 268.0
P1809 0.850341 5386.0 2449.0 5497.0 2550.0
P1809 0.641114 3075.0 1897.0 3125.0 1973.0
P1809 0.427739 6395.0 2939.0 6462.0 3034.0
P1809 0.426656 5734.0 2966.0 5820.0 3067.0
P1809 0.241146 5645.0 2932.0 5756.0 3066.0
P1809 0.227053 5557.0 2880.0 5687.0 3066.0
P1809 0.198205 1831.0 1823.0 1896.0 1976.0
P1809 0.151003 5811.0 3007.0 5866.0 3066.0
P1809 0.14492 5635.0 2883.0 5687.0 3005.0
P1809 0.108737 5887.0 2784.0 6040.0 3007.0
P1809 0.091045 5651.0 2620.0 5799.0 2864.0
P1809 0.068418 2746.0 5895.0 2788.0 6085.0
P1809 0.050424 6383.0 3223.0 6535.0 3369.0
P1854 0.72962 78.0 3268.0 206.0 3307.0
P1854 0.567309 7168.0 2143.0 7183.0 2211.0
P1854 0.32873 4483.0 1776.0 4551.0 1807.0
P1854 0.130087 5121.0 3957.0 5148.0 4011.0
P1854 0.107186 3099.0 1536.0 3145.0 1548.0
P1854 0.098334 3163.0 3956.0 3210.0 4005.0
P1854 0.089606 3072.0 727.0 3084.0 781.0
P1854 0.051008 6539.0 2063.0 6557.0 2130.0
P1878 0.999914 149.0 460.0 192.0 545.0
P1878 0.999893 213.0 463.0 255.0 548.0
P1878 0.999886 51.0 773.0 94.0 857.0
P1878 0.999885 189.0 181.0 231.0 265.0
P1878 0.999882 254.0 183.0 297.0 266.0
P1878 0.999865 123.0 199.0 166.0 284.0
P1878 0.999858 142.0 593.0 187.0 675.0
P1878 0.999856 316.0 293.0 358.0 377.0
P1878 0.999847 243.0 878.0 285.0 962.0
P1878 0.999847 245.0 748.0 289.0 832.0
P1878 0.999847 58.0 198.0 100.0 282.0
P1878 0.999845 115.0 776.0 158.0 860.0
P1878 0.999841 381.0 294.0 424.0 379.0
P1878 0.99984 112.0 905.0 154.0 989.0
P1878 0.999839 311.0 749.0 353.0 833.0
P1878 0.99983 119.0 330.0 162.0 415.0
P1878 0.999826 184.0 331.0 227.0 417.0
P1878 0.999774 307.0 879.0 351.0 963.0
P1878 0.999632 177.0 908.0 219.0 990.0
P1878 0.99947 309.0 552.0 351.0 642.0
P1878 0.99901 372.0 553.0 416.0 642.0
P1878 0.998842 312.0 428.0 352.0 504.0
P1878 0.994486 377.0 424.0 420.0 516.0
P1878 0.987718 80.0 635.0 121.0 656.0
P1878 0.984607 82.0 667.0 119.0 687.0
P1878 0.935641 82.0 606.0 122.0 626.0
P1878 0.898296 84.0 576.0 121.0 598.0
P1878 0.112388 277.0 35.0 319.0 44.0
P1903 0.99989 1267.0 789.0 1320.0 892.0
P1903 0.999864 1396.0 799.0 1448.0 901.0
P1903 0.999849 1332.0 796.0 1384.0 896.0
P1903 0.999845 1203.0 781.0 1255.0 883.0
P1903 0.999804 1460.0 803.0 1512.0 909.0
P1905 0.99996 286.0 90.0 389.0 179.0
P1905 0.999957 252.0 138.0 354.0 224.0
P1905 0.999942 484.0 319.0 587.0 404.0
P1905 0.999933 404.0 184.0 505.0 271.0
P1905 0.999917 368.0 229.0 471.0 316.0
P1905 0.99991 449.0 363.0 549.0 455.0
P1905 0.999894 521.0 274.0 623.0 361.0
P1905 0.999875 556.0 224.0 661.0 316.0
P1905 0.999843 325.0 43.0 428.0 135.0
P1905 0.999831 440.0 136.0 543.0 224.0
P1905 0.999735 217.0 181.0 313.0 271.0
P1905 0.999672 333.0 274.0 430.0 368.0
P1919 0.999899 238.0 619.0 280.0 707.0
P1919 0.999894 387.0 476.0 431.0 563.0
P1919 0.999889 527.0 88.0 571.0 175.0
P1919 0.999876 292.0 623.0 335.0 709.0
P1919 0.999875 524.0 236.0 568.0 323.0
P1919 0.999871 385.0 84.0 431.0 172.0
P1919 0.999869 105.0 616.0 146.0 705.0
P1919 0.999867 159.0 618.0 200.0 704.0
P1919 0.999856 144.0 462.0 187.0 550.0
P1919 0.999853 242.0 472.0 287.0 560.0
P1919 0.999827 450.0 85.0 495.0 173.0
P1919 0.999789 443.0 478.0 485.0 565.0
P1919 0.999723 593.0 92.0 636.0 175.0
P1919 0.999691 589.0 239.0 631.0 326.0
P1950 0.099617 0.0 459.0 124.0 545.0
P1973 0.981192 623.0 889.0 775.0 1016.0
P1973 0.336939 518.0 1053.0 615.0 1180.0
P1973 0.134188 989.0 1098.0 1082.0 1205.0
P1973 0.091368 995.0 861.0 1099.0 942.0
P1978 0.35637 712.0 185.0 748.0 253.0
P1982 0.131904 301.0 1386.0 482.0 1482.0
P1995 0.594463 1471.0 786.0 1538.0 844.0
P1995 0.056734 1613.0 462.0 1633.0 529.0
P2003 0.840454 934.0 551.0 1096.0 721.0
P2011 0.999824 535.0 678.0 577.0 768.0
P2011 0.99981 537.0 540.0 579.0 631.0
P2011 0.999801 590.0 680.0 631.0 768.0
P2011 0.999789 593.0 542.0 632.0 632.0
P2011 0.999733 644.0 680.0 686.0 771.0
P2011 0.999721 541.0 266.0 581.0 356.0
P2011 0.999701 596.0 267.0 636.0 357.0
P2011 0.999689 594.0 403.0 634.0 492.0
P2011 0.999685 537.0 407.0 581.0 493.0
P2011 0.999672 646.0 543.0 687.0 632.0
P2011 0.999572 650.0 267.0 691.0 355.0
P2011 0.999556 649.0 405.0 691.0 493.0
P2044 0.999898 189.0 270.0 240.0 363.0
P2044 0.999889 178.0 133.0 228.0 225.0
P2044 0.999886 243.0 265.0 291.0 359.0
P2044 0.999849 232.0 129.0 281.0 220.0
P2044 0.999829 286.0 124.0 334.0 216.0
P2044 0.999801 296.0 262.0 344.0 354.0
P2050 0.999821 503.0 206.0 549.0 298.0
P2050 0.999788 437.0 205.0 481.0 294.0
P2050 0.999676 290.0 367.0 335.0 455.0
P2050 0.999663 236.0 197.0 280.0 285.0
P2050 0.999574 296.0 513.0 340.0 600.0
P2050 0.999504 302.0 199.0 347.0 287.0
P2050 0.999456 222.0 364.0 266.0 453.0
P2050 0.999404 215.0 499.0 261.0 590.0
P2085 0.999878 269.0 86.0 381.0 298.0
P2085 0.999756 145.0 75.0 252.0 275.0
P2085 0.237717 480.0 93.0 613.0 334.0
P2085 0.11694 637.0 120.0 761.0 343.0
P2088 0.999962 266.0 865.0 351.0 1022.0
P2088 0.999954 163.0 864.0 246.0 1022.0
P2088 0.999946 156.0 1120.0 238.0 1293.0
P2088 0.999943 58.0 863.0 142.0 1022.0
P2088 0.999939 369.0 867.0 455.0 1022.0
P2088 0.999938 54.0 1118.0 139.0 1288.0
P2088 0.999928 260.0 1123.0 347.0 1298.0
P2088 0.999925 105.0 182.0 189.0 357.0
P2088 0.999907 367.0 1126.0 450.0 1298.0
P2088 0.999483 209.0 181.0 293.0 362.0
P2088 0.999406 107.0 314.0 182.0 351.0
P2088 0.999225 311.0 185.0 387.0 357.0
P2088 0.988102 317.0 314.0 385.0 354.0
P2088 0.980547 210.0 314.0 287.0 355.0
P2088 0.780995 209.0 525.0 265.0 676.0
P2088 0.103829 323.0 314.0 382.0 324.0
P2088 0.100313 105.0 884.0 451.0 1011.0
P2098 0.999881 96.0 201.0 152.0 292.0
P2098 0.999876 327.0 229.0 380.0 320.0
P2098 0.999864 467.0 652.0 523.0 747.0
P2098 0.999857 273.0 240.0 329.0 331.0
P2098 0.999853 455.0 478.0 512.0 568.0
P2098 0.999844 282.0 443.0 335.0 534.0
P2098 0.999825 448.0 273.0 502.0 366.0
P2098 0.999818 157.0 394.0 214.0 485.0
P2098 0.9998 501.0 263.0 557.0 355.0
P2098 0.999772 236.0 655.0 291.0 746.0
P2098 0.999761 105.0 404.0 160.0 496.0
P2098 0.99976 340.0 635.0 394.0 726.0
P2098 0.999738 289.0 648.0 343.0 735.0
P2098 0.999738 335.0 432.0 389.0 524.0
P2098 0.999732 511.0 466.0 563.0 557.0
P2098 0.999696 151.0 190.0 204.0 282.0
P2098 0.999647 518.0 642.0 576.0 736.0
P2098 0.999514 393.0 626.0 447.0 715.0
P2098 0.993613 104.0 627.0 146.0 653.0
P2098 0.980177 114.0 689.0 161.0 720.0
P2098 0.903998 98.0 599.0 141.0 626.0
P2098 0.878968 108.0 666.0 155.0 694.0
P2121 0.999901 661.0 616.0 705.0 712.0
P2121 0.999896 604.0 621.0 652.0 712.0
P2121 0.999875 596.0 484.0 642.0 576.0
P2121 0.99986 669.0 754.0 715.0 847.0
P2121 0.999854 714.0 614.0 761.0 705.0
P2121 0.999847 650.0 479.0 699.0 572.0
P2121 0.999809 725.0 752.0 770.0 843.0
P2121 0.999759 613.0 758.0 659.0 849.0
P2126 0.29046 0.0 736.0 14.0 881.0
P2126 0.153262 208.0 86.0 294.0 109.0
P2129 0.999632 171.0 602.0 262.0 693.0
P2129 0.999626 138.0 758.0 230.0 849.0
P2129 0.999623 194.0 801.0 277.0 892.0
P2129 0.999597 424.0 632.0 507.0 724.0
P2129 0.99952 243.0 845.0 331.0 937.0
P2129 0.999485 331.0 737.0 420.0 827.0
P2129 0.99948 230.0 650.0 317.0 744.0
P2129 0.999415 124.0 562.0 209.0 650.0
P2129 0.999345 321.0 548.0 405.0 636.0
P2129 0.999341 72.0 700.0 161.0 793.0
P2129 0.999325 72.0 518.0 162.0 610.0
P2129 0.99925 261.0 495.0 351.0 589.0
P2129 0.999106 164.0 413.0 250.0 501.0
P2129 0.998918 278.0 696.0 370.0 786.0
P2129 0.998736 372.0 592.0 457.0 677.0
P2129 0.996346 215.0 462.0 295.0 544.0
P2129 0.996266 423.0 240.0 518.0 340.0
P2129 0.995369 377.0 199.0 464.0 294.0
P2129 0.994288 377.0 376.0 461.0 464.0
P2129 0.993533 433.0 421.0 517.0 513.0
P2129 0.992937 589.0 557.0 674.0 645.0
P2129 0.984506 534.0 513.0 624.0 609.0
P2129 0.972194 476.0 289.0 575.0 387.0
P2129 0.939679 325.0 329.0 408.0 427.0
P2129 0.91661 471.0 462.0 575.0 567.0
P2129 0.895791 531.0 330.0 629.0 439.0
P2129 0.885882 571.0 378.0 694.0 480.0
P2129 0.882879 21.0 711.0 68.0 758.0
P2129 0.563003 623.0 710.0 671.0 758.0
P2129 0.403042 631.0 419.0 756.0 531.0
P2135 0.999895 200.0 295.0 273.0 386.0
P2135 0.999891 122.0 149.0 197.0 238.0
P2135 0.999889 137.0 279.0 212.0 369.0
P2135 0.999885 185.0 162.0 259.0 254.0
P2135 0.999865 248.0 178.0 322.0 266.0
P2135 0.999865 72.0 266.0 147.0 354.0
P2150 0.999861 249.0 790.0 322.0 882.0
P2150 0.999844 341.0 542.0 412.0 634.0
P2150 0.999842 284.0 661.0 360.0 752.0
P2150 0.999836 295.0 810.0 370.0 904.0
P2150 0.999834 437.0 586.0 507.0 677.0
P2150 0.999813 392.0 563.0 459.0 653.0
P2150 0.99976 0.0 763.0 55.0 852.0
P2150 0.999734 36.0 787.0 105.0 882.0
P2150 0.999706 335.0 683.0 404.0 775.0
P2150 0.999706 129.0 831.0 200.0 924.0
P2150 0.999684 380.0 704.0 453.0 799.0
P2150 0.999573 80.0 810.0 153.0 902.0
P2166 0.117001 367.0 191.0 415.0 287.0
P2168 0.999687 521.0 801.0 561.0 891.0
P2168 0.999515 996.0 811.0 1036.0 891.0
P2168 0.999484 357.0 795.0 398.0 889.0
P2168 0.999482 413.0 799.0 454.0 889.0
P2168 0.999472 465.0 796.0 506.0 888.0
P2168 0.999457 575.0 801.0 619.0 892.0
P2168 0.998884 298.0 797.0 345.0 886.0
P2168 0.984295 936.0 812.0 1003.0 887.0
P2168 0.806396 929.0 944.0 967.0 994.0
P2168 0.403367 971.0 946.0 1013.0 986.0
P2168 0.245145 1726.0 724.0 1761.0 805.0
P2168 0.228421 1006.0 941.0 1021.0 979.0
P2168 0.091859 999.0 957.0 1024.0 1009.0
P2194 0.999699 1050.0 166.0 1091.0 251.0
P2194 0.999687 1045.0 295.0 1085.0 382.0
P2194 0.999525 980.0 294.0 1022.0 377.0
P2194 0.99943 986.0 162.0 1027.0 246.0
P2194 0.99934 1040.0 424.0 1081.0 509.0
P2194 0.998773 977.0 428.0 1013.0 502.0
P2194 0.99818 1112.0 172.0 1151.0 253.0
P2194 0.983011 1106.0 299.0 1148.0 380.0
P2194 0.194417 1014.0 170.0 1021.0 244.0
P2194 0.127742 1514.0 1908.0 1531.0 1952.0
P2197 0.999807 2015.0 1459.0 2056.0 1545.0
P2197 0.999805 695.0 1314.0 738.0 1402.0
P2197 0.999766 1958.0 1458.0 2004.0 1542.0
P2197 0.999734 755.0 1459.0 798.0 1545.0
P2197 0.999721 1893.0 1445.0 1932.0 1532.0
P2197 0.99971 690.0 1456.0 734.0 1545.0
P2197 0.999696 1783.0 1449.0 1824.0 1534.0
P2197 0.999667 621.0 1453.0 667.0 1542.0
P2197 0.999643 628.0 1312.0 670.0 1400.0
P2197 0.99958 1834.0 1453.0 1879.0 1536.0
P2197 0.997229 761.0 1316.0 802.0 1405.0
P2197 0.995585 2070.0 1463.0 2107.0 1526.0
P2197 0.892335 823.0 1463.0 864.0 1550.0
P2197 0.872584 767.0 1585.0 837.0 1625.0
P2197 0.743184 2036.0 1461.0 2045.0 1537.0
P2197 0.120677 1774.0 1457.0 1920.0 1527.0
P2241 0.999878 277.0 852.0 316.0 931.0
P2241 0.999792 225.0 853.0 264.0 931.0
P2241 0.99978 161.0 853.0 201.0 931.0
P2241 0.999767 363.0 850.0 401.0 932.0
P2241 0.999753 465.0 847.0 502.0 931.0
P2241 0.999646 109.0 851.0 150.0 933.0
P2241 0.999613 412.0 850.0 455.0 932.0
P2241 0.999511 514.0 849.0 557.0 931.0
P2241 0.598964 376.0 758.0 411.0 807.0
P2330 0.094732 6148.0 3873.0 6324.0 3913.0
P2331 0.165786 2441.0 799.0 2480.0 870.0
P2331 0.071248 1691.0 1790.0 1718.0 1835.0
P2331 0.06913 1721.0 1792.0 1744.0 1833.0
P2337 0.4233 1878.0 327.0 1938.0 414.0
P2365 0.554733 1598.0 5.0 1851.0 214.0
P2365 0.067285 1811.0 0.0 1837.0 221.0
P2374 0.220387 1479.0 757.0 1547.0 815.0
P2394 0.054176 667.0 965.0 706.0 979.0
P2408 0.196361 1280.0 2052.0 1347.0 2133.0
P2408 0.052622 521.0 1024.0 563.0 1040.0
P2502 0.06141 2176.0 2398.0 2212.0 2418.0
P2504 0.891252 1301.0 350.0 1385.0 483.0
P2504 0.650404 1440.0 176.0 1487.0 270.0
P2541 0.075189 1845.0 1424.0 1884.0 1520.0
P2547 0.987371 1802.0 1467.0 1921.0 1533.0
P2547 0.068486 824.0 1826.0 933.0 1905.0
P2547 0.050049 1817.0 1526.0 1847.0 1533.0
P2563 0.224074 1303.0 160.0 1435.0 418.0
P2563 0.215288 995.0 1.0 1050.0 12.0
P2563 0.177256 984.0 5.0 1051.0 25.0
P2570 0.705197 660.0 877.0 755.0 1117.0
P2570 0.442477 1045.0 853.0 1126.0 1087.0
P2570 0.174565 1186.0 896.0 1301.0 1055.0
P2570 0.084963 1022.0 455.0 1266.0 765.0
P2570 0.084111 527.0 124.0 623.0 379.0
P2571 0.999814 507.0 401.0 683.0 616.0
P2571 0.999792 488.0 776.0 664.0 995.0
P2571 0.999756 340.0 851.0 510.0 1066.0
P2571 0.99975 354.0 473.0 527.0 700.0
P2571 0.999733 226.0 544.0 394.0 761.0
P2571 0.999732 622.0 711.0 798.0 929.0
P2571 0.999712 645.0 333.0 821.0 554.0
P2571 0.99967 863.0 592.0 1033.0 814.0
P2571 0.999111 416.0 1134.0 514.0 1249.0
P2577 0.999825 209.0 570.0 424.0 803.0
P2577 0.999767 524.0 362.0 729.0 594.0
P2577 0.999744 343.0 480.0 551.0 711.0
P2577 0.999741 951.0 327.0 1159.0 565.0
P2577 0.999646 661.0 270.0 864.0 496.0
P2577 0.999545 1098.0 237.0 1298.0 466.0
P2577 0.999291 436.0 134.0 673.0 342.0
P2580 0.998679 173.0 776.0 246.0 880.0
P2580 0.997412 439.0 1404.0 504.0 1513.0
P2580 0.996225 120.0 637.0 200.0 747.0
P2580 0.992454 419.0 1265.0 474.0 1368.0
P2580 0.9915 235.0 754.0 306.0 859.0
P2580 0.972243 556.0 1078.0 622.0 1187.0
P2580 0.958082 467.0 1552.0 527.0 1643.0
P2580 0.89059 404.0 1566.0 468.0 1658.0
P2580 0.846731 354.0 1283.0 412.0 1380.0
P2580 0.652731 383.0 1427.0 437.0 1522.0
P2582 0.999469 883.0 1405.0 969.0 1528.0
P2582 0.999283 951.0 1261.0 1022.0 1379.0
P2582 0.999224 1219.0 1372.0 1305.0 1489.0
P2582 0.998938 1024.0 1290.0 1109.0 1401.0
P2582 0.998927 958.0 1444.0 1040.0 1555.0
P2582 0.998881 813.0 1388.0 897.0 1495.0
P2582 0.998676 1027.0 1474.0 1116.0 1589.0
P2582 0.998667 876.0 1231.0 968.0 1344.0
P2582 0.991002 1114.0 1507.0 1197.0 1625.0
P2582 0.75198 1187.0 1548.0 1254.0 1661.0
P2582 0.229 1001.0 1452.0 1019.0 1522.0
P2582 0.103588 967.0 536.0 1008.0 690.0
P2587 0.999907 2410.0 892.0 2627.0 1118.0
P2587 0.999843 2297.0 797.0 2518.0 1022.0
P2587 0.999547 2518.0 994.0 2738.0 1222.0
P2587 0.963116 2406.0 1030.0 2549.0 1114.0
P2587 0.164659 2441.0 884.0 2555.0 1022.0
P2587 0.071623 1310.0 181.0 1512.0 540.0
P2587 0.056238 947.0 598.0 1018.0 754.0
P2592 0.99733 857.0 1009.0 938.0 1137.0
P2592 0.996931 766.0 1049.0 845.0 1160.0
P2592 0.996764 596.0 1120.0 687.0 1250.0
P2592 0.994871 475.0 1162.0 556.0 1279.0
P2592 0.994321 690.0 1078.0 775.0 1201.0
P2592 0.982676 924.0 980.0 1014.0 1105.0
P2592 0.952203 229.0 1289.0 321.0 1408.0
P2592 0.94115 392.0 1188.0 474.0 1294.0
P2592 0.741824 161.0 1318.0 259.0 1432.0
P2592 0.479671 750.0 942.0 843.0 1012.0
P2592 0.352938 322.0 1245.0 413.0 1337.0
P2592 0.279354 1854.0 493.0 2014.0 732.0
P2592 0.244359 1478.0 664.0 1662.0 894.0
P2592 0.102391 1738.0 1.0 1780.0 13.0
P2592 0.094575 1482.0 669.0 1531.0 812.0
P2592 0.091867 374.0 1254.0 417.0 1290.0
P2593 0.981277 549.0 1075.0 622.0 1180.0
P2593 0.976484 332.0 1158.0 409.0 1262.0
P2593 0.962737 435.0 1392.0 511.0 1485.0
P2593 0.953329 490.0 1527.0 568.0 1636.0
P2593 0.836097 406.0 1128.0 486.0 1231.0
P2593 0.295612 454.0 1110.0 544.0 1191.0
P2593 0.146614 544.0 1521.0 621.0 1616.0
P2595 0.99846 323.0 785.0 378.0 890.0
P2595 0.996868 255.0 796.0 306.0 899.0
P2595 0.995996 175.0 806.0 227.0 907.0
P2595 0.992928 222.0 563.0 271.0 656.0
P2595 0.808712 289.0 549.0 355.0 669.0
P2595 0.577036 372.0 554.0 414.0 623.0
P2595 0.373169 555.0 1167.0 597.0 1259.0
P2595 0.116486 335.0 333.0 390.0 425.0
P2595 0.068007 258.0 345.0 309.0 430.0
P2598 0.999896 524.0 1368.0 632.0 1587.0
P2598 0.999882 254.0 1531.0 357.0 1742.0
P2598 0.999864 676.0 1376.0 781.0 1596.0
P2598 0.76732 523.0 1699.0 658.0 1763.0
P2599 0.999788 824.0 519.0 942.0 733.0
P2599 0.999778 393.0 133.0 509.0 333.0
P2599 0.999667 668.0 504.0 781.0 711.0
P2599 0.999556 547.0 162.0 664.0 352.0
P2599 0.999376 354.0 465.0 470.0 678.0
P2599 0.998596 228.0 166.0 339.0 374.0
P2599 0.998051 191.0 489.0 304.0 703.0
P2599 0.997396 507.0 479.0 620.0 694.0
P2599 0.973307 717.0 160.0 824.0 381.0
P2599 0.305888 852.0 186.0 987.0 398.0
P2608 0.69601 1763.0 1840.0 1848.0 2076.0
P2608 0.518381 1410.0 512.0 1515.0 534.0
P2608 0.055601 1536.0 3.0 1583.0 39.0
P2610 0.16069 1742.0 1028.0 1814.0 1072.0
P2625 0.636486 136.0 1523.0 262.0 1593.0
P2625 0.168092 1467.0 1746.0 1622.0 1950.0
P2625 0.159446 4004.0 1887.0 4087.0 2038.0
P2625 0.15591 197.0 1289.0 364.0 1449.0
P2625 0.09191 1359.0 1102.0 1506.0 1226.0
P2625 0.066669 3158.0 1733.0 3340.0 1853.0
P2678 0.06906 1612.0 718.0 1799.0 884.0
P2689 0.140063 3387.0 1809.0 3442.0 1870.0
P2695 0.078243 3157.0 589.0 3220.0 643.0
P2701 0.654788 1577.0 1887.0 1697.0 2032.0
P2709 0.768744 408.0 256.0 490.0 365.0
P2709 0.207662 532.0 522.0 681.0 652.0
P2709 0.102887 505.0 535.0 574.0 645.0
P2714 0.050408 2049.0 866.0 2065.0 993.0
P2722 0.470361 3516.0 1486.0 3549.0 1569.0
P2724 0.874623 513.0 417.0 536.0 499.0
P2724 0.063866 3681.0 612.0 3717.0 665.0
P2726 0.133717 280.0 1028.0 518.0 1121.0
P2733 0.142659 1539.0 1518.0 1605.0 1534.0
P2733 0.054596 960.0 512.0 998.0 529.0
P2754 0.833732 1490.0 1698.0 1568.0 1790.0
P2754 0.767004 2470.0 2371.0 2526.0 2412.0
P2754 0.705285 2465.0 235.0 2526.0 351.0
P2754 0.405787 1539.0 1713.0 1563.0 1779.0
P2754 0.220817 1106.0 2049.0 1140.0 2077.0
P2754 0.124886 720.0 2329.0 787.0 2418.0
P2758 0.268822 2589.0 991.0 2631.0 1035.0
P2758 0.07928 6274.0 34.0 6287.0 88.0
P2758 0.073209 1225.0 583.0 1296.0 679.0
P2766 0.994966 3880.0 4130.0 3937.0 4214.0
P2766 0.976044 3653.0 4307.0 3823.0 4606.0
P2766 0.868919 3646.0 4577.0 3818.0 4813.0
P2766 0.595647 4676.0 2427.0 4779.0 2540.0
P2766 0.385095 4643.0 1872.0 4795.0 2040.0
P2766 0.36719 1651.0 85.0 1687.0 228.0
P2766 0.162762 4646.0 2062.0 4792.0 2212.0
P2766 0.118151 4676.0 2582.0 4743.0 2745.0
P2766 0.076699 1518.0 1024.0 1533.0 1052.0
P2766 0.06902 1443.0 1026.0 1507.0 1044.0
P2768 0.709097 887.0 1995.0 917.0 2034.0
P2768 0.05505 562.0 2015.0 642.0 2044.0
P2779 0.376082 519.0 364.0 576.0 505.0
P2779 0.192877 515.0 374.0 537.0 508.0
P2781 0.583369 2911.0 1236.0 3047.0 1405.0
P2781 0.060521 1026.0 515.0 1091.0 616.0
P2794 0.193125 518.0 1536.0 541.0 1577.0
P2794 0.09549 2481.0 2567.0 2552.0 2754.0
P2802 0.878576 4015.0 1536.0 4085.0 1547.0
P2802 0.754782 4269.0 1537.0 4343.0 1549.0
P2802 0.074317 5609.0 2564.0 5624.0 2619.0
P2802 0.055095 5618.0 2563.0 5629.0 2608.0
